0105072e-2e42-40ac-8566-791a874f60ee_ITS_1	NR_121481.1	85.596	604	34	35	21	578	71	667	5.91e-167	584	578	707	517
0105072e-2e42-40ac-8566-791a874f60ee_ITS_1	NR_138362.1	84.768	604	37	36	21	578	57	651	4.63e-158	555	578	691	512
0105072e-2e42-40ac-8566-791a874f60ee_ITS_1	NR_171617.1	84.411	603	38	38	21	578	97	688	3.60e-154	542	578	728	509
0105072e-2e42-40ac-8566-791a874f60ee_ITS_1	NR_172048.1	83.660	612	38	43	21	578	71	674	1.69e-147	520	578	714	512
0105072e-2e42-40ac-8566-791a874f60ee_ITS_1	NR_137479.1	84.247	584	37	37	40	578	1	574	6.08e-147	518	578	614	492
0105072e-2e42-40ac-8566-791a874f60ee_ITS_1	NR_151815.1	84.041	589	37	39	21	559	3	584	7.86e-146	514	578	585	495
0105072e-2e42-40ac-8566-791a874f60ee_ITS_1	NR_135407.1	84.075	584	38	38	40	578	1	574	2.83e-145	512	578	614	491
0105072e-2e42-40ac-8566-791a874f60ee_ITS_1	NR_137489.1	83.733	584	40	37	40	578	1	574	6.12e-142	501	578	614	489
0105072e-2e42-40ac-8566-791a874f60ee_ITS_1	NR_137485.1	83.277	592	38	43	40	578	1	584	4.76e-138	488	578	624	493
0105072e-2e42-40ac-8566-791a874f60ee_ITS_1	NR_137443.1	83.808	562	39	34	40	559	1	552	1.71e-137	486	578	553	471
0105072e-2e42-40ac-8566-791a874f60ee_ITS_1	NR_137483.1	83.108	592	40	39	40	578	1	585	6.16e-137	484	578	625	492
0105072e-2e42-40ac-8566-791a874f60ee_ITS_1	NR_137490.1	83.108	592	39	43	40	578	1	584	2.22e-136	483	578	624	492
0105072e-2e42-40ac-8566-791a874f60ee_ITS_1	NR_172366.1	83.451	568	40	34	40	559	1	562	2.87e-135	479	578	563	474
0105072e-2e42-40ac-8566-791a874f60ee_ITS_1	NR_135437.1	82.765	586	41	39	46	578	1	579	6.21e-132	468	578	619	485
0105072e-2e42-40ac-8566-791a874f60ee_ITS_1	NR_135410.1	82.572	591	44	42	40	578	1	584	2.23e-131	466	578	624	488
0105072e-2e42-40ac-8566-791a874f60ee_ITS_1	NR_136948.1	83.626	513	35	32	51	522	1	505	1.75e-122	436	578	505	429
0105072e-2e42-40ac-8566-791a874f60ee_ITS_1	NR_137514.1	83.178	535	32	40	95	578	17	544	1.75e-122	436	578	584	445
0105072e-2e42-40ac-8566-791a874f60ee_ITS_1	NR_135436.1	82.991	535	33	42	95	578	17	544	8.14e-121	431	578	584	444
0105072e-2e42-40ac-8566-791a874f60ee_ITS_1	NR_151782.1	82.406	557	38	43	75	578	1	550	8.14e-121	431	578	590	459
0105072e-2e42-40ac-8566-791a874f60ee_ITS_1	NR_135438.1	82.047	557	40	39	75	578	1	550	1.76e-117	420	578	590	457
0105072e-2e42-40ac-8566-791a874f60ee_ITS_1	NR_144845.1	80.801	599	58	44	21	578	59	641	2.28e-116	416	578	681	484
0105072e-2e42-40ac-8566-791a874f60ee_ITS_1	NR_138308.1	80.699	601	57	46	21	578	1	585	2.95e-115	412	578	585	485
0105072e-2e42-40ac-8566-791a874f60ee_ITS_1	NR_077145.1	80.699	601	57	46	21	578	1	585	2.95e-115	412	578	585	485
0105072e-2e42-40ac-8566-791a874f60ee_ITS_1	NR_111814.1	80.699	601	57	46	21	578	1	585	2.95e-115	412	578	585	485
0105072e-2e42-40ac-8566-791a874f60ee_ITS_1	NR_111816.1	80.667	600	59	45	21	578	1	585	2.95e-115	412	578	585	484
0105072e-2e42-40ac-8566-791a874f60ee_ITS_1	NR_119493.1	80.634	599	58	44	21	578	1	582	1.06e-114	411	578	606	483
0105072e-2e42-40ac-8566-791a874f60ee_ITS_1	NR_131310.1	83.265	490	37	30	51	500	1	485	3.81e-114	409	578	515	408
0105072e-2e42-40ac-8566-791a874f60ee_ITS_1	NR_171586.1	80.570	597	61	42	21	578	1	581	3.81e-114	409	578	581	481
0105072e-2e42-40ac-8566-791a874f60ee_ITS_1	NR_153267.1	80.532	601	57	47	21	578	97	680	1.37e-113	407	578	720	484
0105072e-2e42-40ac-8566-791a874f60ee_ITS_1	NR_103692.1	80.532	601	57	47	21	578	1	584	1.37e-113	407	578	584	484
0105072e-2e42-40ac-8566-791a874f60ee_ITS_1	NR_103695.1	80.532	601	58	46	21	578	1	585	1.37e-113	407	578	585	484
0105072e-2e42-40ac-8566-791a874f60ee_ITS_1	NR_111812.1	80.500	600	60	44	21	578	1	585	1.37e-113	407	578	585	483
0105072e-2e42-40ac-8566-791a874f60ee_ITS_1	NR_111813.1	80.532	601	58	46	21	578	1	585	1.37e-113	407	578	585	484
0105072e-2e42-40ac-8566-791a874f60ee_ITS_1	NR_111815.1	80.532	601	58	46	21	578	1	585	1.37e-113	407	578	585	484
0105072e-2e42-40ac-8566-791a874f60ee_ITS_1	NR_111820.1	80.532	601	58	46	21	578	1	585	1.37e-113	407	578	585	484
0105072e-2e42-40ac-8566-791a874f60ee_ITS_1	NR_120225.1	80.532	601	58	46	21	578	1	585	1.37e-113	407	578	585	484
0105072e-2e42-40ac-8566-791a874f60ee_ITS_1	NR_153252.1	80.402	597	62	43	21	578	59	639	1.77e-112	403	578	679	480
0105072e-2e42-40ac-8566-791a874f60ee_ITS_1	NR_111817.1	80.399	602	58	45	21	578	1	586	1.77e-112	403	578	586	484
0105072e-2e42-40ac-8566-791a874f60ee_ITS_1	NR_144866.1	80.366	601	58	47	21	578	97	680	6.38e-112	401	578	720	483
0105072e-2e42-40ac-8566-791a874f60ee_ITS_1	NR_103694.1	80.366	601	59	46	21	578	1	585	6.38e-112	401	578	585	483
0105072e-2e42-40ac-8566-791a874f60ee_ITS_1	NR_119495.1	80.333	600	61	45	21	578	1	585	6.38e-112	401	578	609	482
0105072e-2e42-40ac-8566-791a874f60ee_ITS_1	NR_163678.1	80.366	601	58	45	21	578	69	652	6.38e-112	401	578	692	483
0105072e-2e42-40ac-8566-791a874f60ee_ITS_1	NR_077152.1	80.200	601	64	40	21	578	1	589	2.30e-111	399	578	613	482
0105072e-2e42-40ac-8566-791a874f60ee_ITS_1	NR_111818.1	80.333	600	59	46	21	578	1	583	2.30e-111	399	578	583	482
0105072e-2e42-40ac-8566-791a874f60ee_ITS_1	NR_163539.1	80.369	596	59	42	21	575	16	594	2.30e-111	399	578	594	479
0105072e-2e42-40ac-8566-791a874f60ee_ITS_1	NR_185789.1	80.651	584	56	41	21	563	71	638	2.30e-111	399	578	639	471
0105072e-2e42-40ac-8566-791a874f60ee_ITS_1	NR_137734.1	80.333	600	57	42	21	578	71	651	8.26e-111	398	578	691	482
0105072e-2e42-40ac-8566-791a874f60ee_ITS_1	NR_144844.1	80.656	579	56	43	21	559	3	565	8.26e-111	398	578	566	467
0105072e-2e42-40ac-8566-791a874f60ee_ITS_1	NR_077206.1	80.200	601	60	46	21	578	1	585	2.97e-110	396	578	585	482
0105072e-2e42-40ac-8566-791a874f60ee_ITS_1	NR_103687.1	80.200	601	60	46	21	578	1	585	2.97e-110	396	578	585	482
0105072e-2e42-40ac-8566-791a874f60ee_ITS_1	NR_158821.1	80.298	604	52	47	21	578	1	583	1.07e-109	394	578	583	485
0105072e-2e42-40ac-8566-791a874f60ee_ITS_1	NR_077154.1	80.033	601	60	47	21	578	1	584	1.38e-108	390	578	608	481
0105072e-2e42-40ac-8566-791a874f60ee_ITS_1	NR_163529.1	80.311	579	59	42	21	559	3	566	1.79e-107	387	578	567	465
0105072e-2e42-40ac-8566-791a874f60ee_ITS_1	NR_156585.1	80.241	582	57	44	40	578	1	567	6.43e-107	385	578	607	467
0105072e-2e42-40ac-8566-791a874f60ee_ITS_1	NR_137494.1	82.573	482	39	30	59	500	1	477	2.31e-106	383	578	489	398
0105072e-2e42-40ac-8566-791a874f60ee_ITS_1	NR_156333.1	80.207	581	58	41	21	563	3	564	2.31e-106	383	578	565	466
0105072e-2e42-40ac-8566-791a874f60ee_ITS_1	NR_121237.1	80.207	581	57	45	40	578	1	565	2.31e-106	383	578	605	466
0105072e-2e42-40ac-8566-791a874f60ee_ITS_1	NR_173430.1	79.703	606	62	47	21	578	108	700	8.32e-106	381	578	740	483
0105072e-2e42-40ac-8566-791a874f60ee_ITS_1	NR_138265.1	80.034	581	58	44	40	578	1	565	1.08e-104	377	578	605	465
0105072e-2e42-40ac-8566-791a874f60ee_ITS_1	NR_121239.1	80.034	581	58	45	40	578	1	565	1.08e-104	377	578	605	465
0105072e-2e42-40ac-8566-791a874f60ee_ITS_1	NR_121250.1	80.000	580	60	43	40	578	1	565	1.08e-104	377	578	605	464
0105072e-2e42-40ac-8566-791a874f60ee_ITS_1	NR_121257.1	80.034	581	58	44	40	578	1	565	1.08e-104	377	578	605	465
0105072e-2e42-40ac-8566-791a874f60ee_ITS_1	NR_163553.1	79.633	599	64	43	21	578	104	685	1.08e-104	377	578	725	477
0105072e-2e42-40ac-8566-791a874f60ee_ITS_1	NR_160081.1	80.034	581	58	45	40	578	1	565	1.08e-104	377	578	605	465
0105072e-2e42-40ac-8566-791a874f60ee_ITS_1	NR_176764.1	82.627	472	38	29	68	500	1	467	1.08e-104	377	578	497	390
0105072e-2e42-40ac-8566-791a874f60ee_ITS_1	NR_153225.1	80.000	585	55	45	40	578	1	569	3.87e-104	375	578	609	468
0105072e-2e42-40ac-8566-791a874f60ee_ITS_1	NR_153244.1	80.000	585	55	45	40	578	1	569	3.87e-104	375	578	609	468
0105072e-2e42-40ac-8566-791a874f60ee_ITS_1	NR_145176.1	80.000	585	55	45	40	578	1	569	3.87e-104	375	578	609	468
0105072e-2e42-40ac-8566-791a874f60ee_ITS_1	NR_151822.1	79.762	588	64	40	34	578	1	576	3.87e-104	375	578	616	469
0105072e-2e42-40ac-8566-791a874f60ee_ITS_1	NR_198111.1	79.734	602	57	51	21	578	92	672	3.87e-104	375	578	712	480
0105072e-2e42-40ac-8566-791a874f60ee_ITS_1	NR_138264.1	79.931	578	61	43	40	578	1	562	1.39e-103	374	578	602	462
0105072e-2e42-40ac-8566-791a874f60ee_ITS_1	NR_121248.1	79.966	584	56	46	40	578	1	568	1.39e-103	374	578	608	467
0105072e-2e42-40ac-8566-791a874f60ee_ITS_1	NR_137883.1	79.897	582	58	45	40	578	1	566	5.01e-103	372	578	606	465
0105072e-2e42-40ac-8566-791a874f60ee_ITS_1	NR_121236.1	79.897	582	57	45	40	578	1	565	5.01e-103	372	578	605	465
0105072e-2e42-40ac-8566-791a874f60ee_ITS_1	NR_121240.1	79.931	583	55	45	40	578	1	565	5.01e-103	372	578	605	466
0105072e-2e42-40ac-8566-791a874f60ee_ITS_1	NR_121249.1	79.931	583	55	45	40	578	1	565	5.01e-103	372	578	605	466
0105072e-2e42-40ac-8566-791a874f60ee_ITS_1	NR_198039.1	79.534	601	61	41	21	575	71	655	5.01e-103	372	578	655	478
0105072e-2e42-40ac-8566-791a874f60ee_ITS_1	NR_153222.1	79.829	585	56	46	40	578	1	569	1.80e-102	370	578	609	467
0105072e-2e42-40ac-8566-791a874f60ee_ITS_1	NR_153223.1	79.829	585	56	45	40	578	1	569	1.80e-102	370	578	609	467
0105072e-2e42-40ac-8566-791a874f60ee_ITS_1	NR_137878.1	80.107	563	58	39	40	563	1	548	1.80e-102	370	578	554	451
0105072e-2e42-40ac-8566-791a874f60ee_ITS_1	NR_145178.1	79.863	586	54	45	40	578	1	569	1.80e-102	370	578	609	468
0105072e-2e42-40ac-8566-791a874f60ee_ITS_1	NR_137882.1	79.897	582	56	47	40	578	1	564	1.80e-102	370	578	604	465
0105072e-2e42-40ac-8566-791a874f60ee_ITS_1	NR_121238.1	79.793	579	61	43	40	578	1	563	1.80e-102	370	578	603	462
0105072e-2e42-40ac-8566-791a874f60ee_ITS_1	NR_121253.1	79.828	580	59	42	40	578	1	563	1.80e-102	370	578	603	463
0105072e-2e42-40ac-8566-791a874f60ee_ITS_1	NR_171584.1	79.470	604	61	47	21	578	69	655	1.80e-102	370	578	695	480
0105072e-2e42-40ac-8566-791a874f60ee_ITS_1	NR_137737.1	79.862	581	56	42	40	578	1	562	6.47e-102	368	578	602	464
0105072e-2e42-40ac-8566-791a874f60ee_ITS_1	NR_153220.1	79.795	584	57	45	40	578	1	568	6.47e-102	368	578	608	466
0105072e-2e42-40ac-8566-791a874f60ee_ITS_1	NR_138357.1	81.092	513	49	38	21	500	71	568	2.33e-101	366	578	582	416
0105072e-2e42-40ac-8566-791a874f60ee_ITS_1	NR_111155.1	81.055	512	51	36	21	500	1	498	2.33e-101	366	578	546	415
0105072e-2e42-40ac-8566-791a874f60ee_ITS_1	NR_163541.1	81.055	512	51	36	21	500	14	511	2.33e-101	366	578	560	415
0105072e-2e42-40ac-8566-791a874f60ee_ITS_1	NR_135345.1	79.859	566	60	39	52	575	1	554	8.38e-101	364	578	597	452
0105072e-2e42-40ac-8566-791a874f60ee_ITS_1	NR_144830.1	79.965	564	57	41	40	563	1	548	8.38e-101	364	578	556	451
0105072e-2e42-40ac-8566-791a874f60ee_ITS_1	NR_153221.1	79.658	585	57	44	40	578	1	569	8.38e-101	364	578	609	466
0105072e-2e42-40ac-8566-791a874f60ee_ITS_1	NR_138278.1	79.930	568	57	44	52	578	1	552	8.38e-101	364	578	592	454
0105072e-2e42-40ac-8566-791a874f60ee_ITS_1	NR_137879.1	79.893	562	61	39	40	563	1	548	8.38e-101	364	578	554	449
0105072e-2e42-40ac-8566-791a874f60ee_ITS_1	NR_145175.1	79.658	585	57	45	40	578	1	569	8.38e-101	364	578	609	466
0105072e-2e42-40ac-8566-791a874f60ee_ITS_1	NR_145177.1	79.693	586	56	46	40	578	1	570	8.38e-101	364	578	610	467
0105072e-2e42-40ac-8566-791a874f60ee_ITS_1	NR_185788.1	81.018	511	52	32	21	500	71	567	8.38e-101	364	578	587	414
0105072e-2e42-40ac-8566-791a874f60ee_ITS_1	NR_137735.1	79.690	581	57	42	40	578	1	562	3.01e-100	363	578	602	463
0105072e-2e42-40ac-8566-791a874f60ee_ITS_1	NR_144807.1	79.585	578	63	43	40	578	1	562	3.01e-100	363	578	602	460
