0105072e-2e42-40ac-8566-791a874f60ee_ITS_2	NR_121481.1	85.596	604	34	35	1	558	71	667	5.69e-167	584	558	707	517
0105072e-2e42-40ac-8566-791a874f60ee_ITS_2	NR_138362.1	84.768	604	37	36	1	558	57	651	4.46e-158	555	558	691	512
0105072e-2e42-40ac-8566-791a874f60ee_ITS_2	NR_171617.1	84.411	603	38	38	1	558	97	688	3.47e-154	542	558	728	509
0105072e-2e42-40ac-8566-791a874f60ee_ITS_2	NR_172048.1	83.660	612	38	43	1	558	71	674	1.63e-147	520	558	714	512
0105072e-2e42-40ac-8566-791a874f60ee_ITS_2	NR_137479.1	84.247	584	37	37	20	558	1	574	5.86e-147	518	558	614	492
0105072e-2e42-40ac-8566-791a874f60ee_ITS_2	NR_151815.1	84.041	589	37	39	1	539	3	584	7.58e-146	514	558	585	495
0105072e-2e42-40ac-8566-791a874f60ee_ITS_2	NR_135407.1	84.075	584	38	38	20	558	1	574	2.72e-145	512	558	614	491
0105072e-2e42-40ac-8566-791a874f60ee_ITS_2	NR_137489.1	83.733	584	40	37	20	558	1	574	5.90e-142	501	558	614	489
0105072e-2e42-40ac-8566-791a874f60ee_ITS_2	NR_137485.1	83.277	592	38	43	20	558	1	584	4.59e-138	488	558	624	493
0105072e-2e42-40ac-8566-791a874f60ee_ITS_2	NR_137443.1	83.808	562	39	34	20	539	1	552	1.65e-137	486	558	553	471
0105072e-2e42-40ac-8566-791a874f60ee_ITS_2	NR_137483.1	83.108	592	40	39	20	558	1	585	5.94e-137	484	558	625	492
0105072e-2e42-40ac-8566-791a874f60ee_ITS_2	NR_137490.1	83.108	592	39	43	20	558	1	584	2.14e-136	483	558	624	492
0105072e-2e42-40ac-8566-791a874f60ee_ITS_2	NR_172366.1	83.451	568	40	34	20	539	1	562	2.76e-135	479	558	563	474
0105072e-2e42-40ac-8566-791a874f60ee_ITS_2	NR_135437.1	82.765	586	41	39	26	558	1	579	5.98e-132	468	558	619	485
0105072e-2e42-40ac-8566-791a874f60ee_ITS_2	NR_135410.1	82.572	591	44	42	20	558	1	584	2.15e-131	466	558	624	488
0105072e-2e42-40ac-8566-791a874f60ee_ITS_2	NR_136948.1	83.626	513	35	32	31	502	1	505	1.69e-122	436	558	505	429
0105072e-2e42-40ac-8566-791a874f60ee_ITS_2	NR_137514.1	83.178	535	32	40	75	558	17	544	1.69e-122	436	558	584	445
0105072e-2e42-40ac-8566-791a874f60ee_ITS_2	NR_135436.1	82.991	535	33	42	75	558	17	544	7.85e-121	431	558	584	444
0105072e-2e42-40ac-8566-791a874f60ee_ITS_2	NR_151782.1	82.406	557	38	43	55	558	1	550	7.85e-121	431	558	590	459
0105072e-2e42-40ac-8566-791a874f60ee_ITS_2	NR_135438.1	82.047	557	40	39	55	558	1	550	1.70e-117	420	558	590	457
0105072e-2e42-40ac-8566-791a874f60ee_ITS_2	NR_144845.1	80.801	599	58	44	1	558	59	641	2.20e-116	416	558	681	484
0105072e-2e42-40ac-8566-791a874f60ee_ITS_2	NR_138308.1	80.699	601	57	46	1	558	1	585	2.84e-115	412	558	585	485
0105072e-2e42-40ac-8566-791a874f60ee_ITS_2	NR_077145.1	80.699	601	57	46	1	558	1	585	2.84e-115	412	558	585	485
0105072e-2e42-40ac-8566-791a874f60ee_ITS_2	NR_111814.1	80.699	601	57	46	1	558	1	585	2.84e-115	412	558	585	485
0105072e-2e42-40ac-8566-791a874f60ee_ITS_2	NR_111816.1	80.667	600	59	45	1	558	1	585	2.84e-115	412	558	585	484
0105072e-2e42-40ac-8566-791a874f60ee_ITS_2	NR_119493.1	80.634	599	58	44	1	558	1	582	1.02e-114	411	558	606	483
0105072e-2e42-40ac-8566-791a874f60ee_ITS_2	NR_131310.1	83.265	490	37	30	31	480	1	485	3.68e-114	409	558	515	408
0105072e-2e42-40ac-8566-791a874f60ee_ITS_2	NR_171586.1	80.570	597	61	42	1	558	1	581	3.68e-114	409	558	581	481
0105072e-2e42-40ac-8566-791a874f60ee_ITS_2	NR_153267.1	80.532	601	57	47	1	558	97	680	1.32e-113	407	558	720	484
0105072e-2e42-40ac-8566-791a874f60ee_ITS_2	NR_103692.1	80.532	601	57	47	1	558	1	584	1.32e-113	407	558	584	484
0105072e-2e42-40ac-8566-791a874f60ee_ITS_2	NR_103695.1	80.532	601	58	46	1	558	1	585	1.32e-113	407	558	585	484
0105072e-2e42-40ac-8566-791a874f60ee_ITS_2	NR_111812.1	80.500	600	60	44	1	558	1	585	1.32e-113	407	558	585	483
0105072e-2e42-40ac-8566-791a874f60ee_ITS_2	NR_111813.1	80.532	601	58	46	1	558	1	585	1.32e-113	407	558	585	484
0105072e-2e42-40ac-8566-791a874f60ee_ITS_2	NR_111815.1	80.532	601	58	46	1	558	1	585	1.32e-113	407	558	585	484
0105072e-2e42-40ac-8566-791a874f60ee_ITS_2	NR_111820.1	80.532	601	58	46	1	558	1	585	1.32e-113	407	558	585	484
0105072e-2e42-40ac-8566-791a874f60ee_ITS_2	NR_120225.1	80.532	601	58	46	1	558	1	585	1.32e-113	407	558	585	484
0105072e-2e42-40ac-8566-791a874f60ee_ITS_2	NR_153252.1	80.402	597	62	43	1	558	59	639	1.71e-112	403	558	679	480
0105072e-2e42-40ac-8566-791a874f60ee_ITS_2	NR_111817.1	80.399	602	58	45	1	558	1	586	1.71e-112	403	558	586	484
0105072e-2e42-40ac-8566-791a874f60ee_ITS_2	NR_144866.1	80.366	601	58	47	1	558	97	680	6.15e-112	401	558	720	483
0105072e-2e42-40ac-8566-791a874f60ee_ITS_2	NR_103694.1	80.366	601	59	46	1	558	1	585	6.15e-112	401	558	585	483
0105072e-2e42-40ac-8566-791a874f60ee_ITS_2	NR_119495.1	80.333	600	61	45	1	558	1	585	6.15e-112	401	558	609	482
0105072e-2e42-40ac-8566-791a874f60ee_ITS_2	NR_163678.1	80.366	601	58	45	1	558	69	652	6.15e-112	401	558	692	483
0105072e-2e42-40ac-8566-791a874f60ee_ITS_2	NR_077152.1	80.200	601	64	40	1	558	1	589	2.21e-111	399	558	613	482
0105072e-2e42-40ac-8566-791a874f60ee_ITS_2	NR_111818.1	80.333	600	59	46	1	558	1	583	2.21e-111	399	558	583	482
0105072e-2e42-40ac-8566-791a874f60ee_ITS_2	NR_163539.1	80.369	596	59	42	1	555	16	594	2.21e-111	399	558	594	479
0105072e-2e42-40ac-8566-791a874f60ee_ITS_2	NR_185789.1	80.651	584	56	41	1	543	71	638	2.21e-111	399	558	639	471
0105072e-2e42-40ac-8566-791a874f60ee_ITS_2	NR_137734.1	80.333	600	57	42	1	558	71	651	7.96e-111	398	558	691	482
0105072e-2e42-40ac-8566-791a874f60ee_ITS_2	NR_144844.1	80.656	579	56	43	1	539	3	565	7.96e-111	398	558	566	467
0105072e-2e42-40ac-8566-791a874f60ee_ITS_2	NR_077206.1	80.200	601	60	46	1	558	1	585	2.86e-110	396	558	585	482
0105072e-2e42-40ac-8566-791a874f60ee_ITS_2	NR_103687.1	80.200	601	60	46	1	558	1	585	2.86e-110	396	558	585	482
0105072e-2e42-40ac-8566-791a874f60ee_ITS_2	NR_158821.1	80.298	604	52	47	1	558	1	583	1.03e-109	394	558	583	485
0105072e-2e42-40ac-8566-791a874f60ee_ITS_2	NR_077154.1	80.033	601	60	47	1	558	1	584	1.33e-108	390	558	608	481
0105072e-2e42-40ac-8566-791a874f60ee_ITS_2	NR_163529.1	80.311	579	59	42	1	539	3	566	1.72e-107	387	558	567	465
0105072e-2e42-40ac-8566-791a874f60ee_ITS_2	NR_156585.1	80.241	582	57	44	20	558	1	567	6.20e-107	385	558	607	467
0105072e-2e42-40ac-8566-791a874f60ee_ITS_2	NR_137494.1	82.573	482	39	30	39	480	1	477	2.23e-106	383	558	489	398
0105072e-2e42-40ac-8566-791a874f60ee_ITS_2	NR_156333.1	80.207	581	58	41	1	543	3	564	2.23e-106	383	558	565	466
0105072e-2e42-40ac-8566-791a874f60ee_ITS_2	NR_121237.1	80.207	581	57	45	20	558	1	565	2.23e-106	383	558	605	466
0105072e-2e42-40ac-8566-791a874f60ee_ITS_2	NR_173430.1	79.703	606	62	47	1	558	108	700	8.02e-106	381	558	740	483
0105072e-2e42-40ac-8566-791a874f60ee_ITS_2	NR_138265.1	80.034	581	58	44	20	558	1	565	1.04e-104	377	558	605	465
0105072e-2e42-40ac-8566-791a874f60ee_ITS_2	NR_121239.1	80.034	581	58	45	20	558	1	565	1.04e-104	377	558	605	465
0105072e-2e42-40ac-8566-791a874f60ee_ITS_2	NR_121250.1	80.000	580	60	43	20	558	1	565	1.04e-104	377	558	605	464
0105072e-2e42-40ac-8566-791a874f60ee_ITS_2	NR_121257.1	80.034	581	58	44	20	558	1	565	1.04e-104	377	558	605	465
0105072e-2e42-40ac-8566-791a874f60ee_ITS_2	NR_163553.1	79.633	599	64	43	1	558	104	685	1.04e-104	377	558	725	477
0105072e-2e42-40ac-8566-791a874f60ee_ITS_2	NR_160081.1	80.034	581	58	45	20	558	1	565	1.04e-104	377	558	605	465
0105072e-2e42-40ac-8566-791a874f60ee_ITS_2	NR_176764.1	82.627	472	38	29	48	480	1	467	1.04e-104	377	558	497	390
0105072e-2e42-40ac-8566-791a874f60ee_ITS_2	NR_153225.1	80.000	585	55	45	20	558	1	569	3.73e-104	375	558	609	468
0105072e-2e42-40ac-8566-791a874f60ee_ITS_2	NR_153244.1	80.000	585	55	45	20	558	1	569	3.73e-104	375	558	609	468
0105072e-2e42-40ac-8566-791a874f60ee_ITS_2	NR_145176.1	80.000	585	55	45	20	558	1	569	3.73e-104	375	558	609	468
0105072e-2e42-40ac-8566-791a874f60ee_ITS_2	NR_151822.1	79.762	588	64	40	14	558	1	576	3.73e-104	375	558	616	469
0105072e-2e42-40ac-8566-791a874f60ee_ITS_2	NR_198111.1	79.734	602	57	51	1	558	92	672	3.73e-104	375	558	712	480
0105072e-2e42-40ac-8566-791a874f60ee_ITS_2	NR_138264.1	79.931	578	61	43	20	558	1	562	1.34e-103	374	558	602	462
0105072e-2e42-40ac-8566-791a874f60ee_ITS_2	NR_121248.1	79.966	584	56	46	20	558	1	568	1.34e-103	374	558	608	467
0105072e-2e42-40ac-8566-791a874f60ee_ITS_2	NR_137883.1	79.897	582	58	45	20	558	1	566	4.82e-103	372	558	606	465
0105072e-2e42-40ac-8566-791a874f60ee_ITS_2	NR_121236.1	79.897	582	57	45	20	558	1	565	4.82e-103	372	558	605	465
0105072e-2e42-40ac-8566-791a874f60ee_ITS_2	NR_121240.1	79.931	583	55	45	20	558	1	565	4.82e-103	372	558	605	466
0105072e-2e42-40ac-8566-791a874f60ee_ITS_2	NR_121249.1	79.931	583	55	45	20	558	1	565	4.82e-103	372	558	605	466
0105072e-2e42-40ac-8566-791a874f60ee_ITS_2	NR_198039.1	79.534	601	61	41	1	555	71	655	4.82e-103	372	558	655	478
0105072e-2e42-40ac-8566-791a874f60ee_ITS_2	NR_153222.1	79.829	585	56	46	20	558	1	569	1.74e-102	370	558	609	467
0105072e-2e42-40ac-8566-791a874f60ee_ITS_2	NR_153223.1	79.829	585	56	45	20	558	1	569	1.74e-102	370	558	609	467
0105072e-2e42-40ac-8566-791a874f60ee_ITS_2	NR_137878.1	80.107	563	58	39	20	543	1	548	1.74e-102	370	558	554	451
0105072e-2e42-40ac-8566-791a874f60ee_ITS_2	NR_145178.1	79.863	586	54	45	20	558	1	569	1.74e-102	370	558	609	468
0105072e-2e42-40ac-8566-791a874f60ee_ITS_2	NR_137882.1	79.897	582	56	47	20	558	1	564	1.74e-102	370	558	604	465
0105072e-2e42-40ac-8566-791a874f60ee_ITS_2	NR_121238.1	79.793	579	61	43	20	558	1	563	1.74e-102	370	558	603	462
0105072e-2e42-40ac-8566-791a874f60ee_ITS_2	NR_121253.1	79.828	580	59	42	20	558	1	563	1.74e-102	370	558	603	463
0105072e-2e42-40ac-8566-791a874f60ee_ITS_2	NR_171584.1	79.470	604	61	47	1	558	69	655	1.74e-102	370	558	695	480
0105072e-2e42-40ac-8566-791a874f60ee_ITS_2	NR_137737.1	79.862	581	56	42	20	558	1	562	6.24e-102	368	558	602	464
0105072e-2e42-40ac-8566-791a874f60ee_ITS_2	NR_153220.1	79.795	584	57	45	20	558	1	568	6.24e-102	368	558	608	466
0105072e-2e42-40ac-8566-791a874f60ee_ITS_2	NR_138357.1	81.092	513	49	38	1	480	71	568	2.24e-101	366	558	582	416
0105072e-2e42-40ac-8566-791a874f60ee_ITS_2	NR_111155.1	81.055	512	51	36	1	480	1	498	2.24e-101	366	558	546	415
0105072e-2e42-40ac-8566-791a874f60ee_ITS_2	NR_163541.1	81.055	512	51	36	1	480	14	511	2.24e-101	366	558	560	415
0105072e-2e42-40ac-8566-791a874f60ee_ITS_2	NR_135345.1	79.859	566	60	39	32	555	1	554	8.07e-101	364	558	597	452
0105072e-2e42-40ac-8566-791a874f60ee_ITS_2	NR_144830.1	79.965	564	57	41	20	543	1	548	8.07e-101	364	558	556	451
0105072e-2e42-40ac-8566-791a874f60ee_ITS_2	NR_153221.1	79.658	585	57	44	20	558	1	569	8.07e-101	364	558	609	466
0105072e-2e42-40ac-8566-791a874f60ee_ITS_2	NR_138278.1	79.930	568	57	44	32	558	1	552	8.07e-101	364	558	592	454
0105072e-2e42-40ac-8566-791a874f60ee_ITS_2	NR_137879.1	79.893	562	61	39	20	543	1	548	8.07e-101	364	558	554	449
0105072e-2e42-40ac-8566-791a874f60ee_ITS_2	NR_145175.1	79.658	585	57	45	20	558	1	569	8.07e-101	364	558	609	466
0105072e-2e42-40ac-8566-791a874f60ee_ITS_2	NR_145177.1	79.693	586	56	46	20	558	1	570	8.07e-101	364	558	610	467
0105072e-2e42-40ac-8566-791a874f60ee_ITS_2	NR_185788.1	81.018	511	52	32	1	480	71	567	8.07e-101	364	558	587	414
0105072e-2e42-40ac-8566-791a874f60ee_ITS_2	NR_137735.1	79.690	581	57	42	20	558	1	562	2.90e-100	363	558	602	463
0105072e-2e42-40ac-8566-791a874f60ee_ITS_2	NR_144807.1	79.585	578	63	43	20	558	1	562	2.90e-100	363	558	602	460
