05495054-8d1c-4b0e-be6f-f30826a3d3dc_ITS_2	NR_121481.1	91.419	606	16	15	1	579	71	667	0.0	798	579	707	554
05495054-8d1c-4b0e-be6f-f30826a3d3dc_ITS_2	NR_171617.1	90.651	599	29	15	1	579	97	688	0.0	771	579	728	543
05495054-8d1c-4b0e-be6f-f30826a3d3dc_ITS_2	NR_138362.1	90.594	606	19	16	1	579	57	651	0.0	769	579	691	549
05495054-8d1c-4b0e-be6f-f30826a3d3dc_ITS_2	NR_138341.1	90.365	602	30	16	1	579	113	709	0.0	765	579	749	544
05495054-8d1c-4b0e-be6f-f30826a3d3dc_ITS_2	NR_151816.1	90.815	577	25	16	1	554	3	574	0.0	747	579	579	524
05495054-8d1c-4b0e-be6f-f30826a3d3dc_ITS_2	NR_137479.1	90.395	583	24	18	20	579	1	574	0.0	737	579	614	527
05495054-8d1c-4b0e-be6f-f30826a3d3dc_ITS_2	NR_135407.1	90.345	580	30	15	20	579	1	574	0.0	737	579	614	524
05495054-8d1c-4b0e-be6f-f30826a3d3dc_ITS_2	NR_135405.1	90.256	585	25	17	20	579	1	578	0.0	736	579	618	528
05495054-8d1c-4b0e-be6f-f30826a3d3dc_ITS_2	NR_135409.1	90.273	586	24	18	20	579	1	579	0.0	736	579	619	529
05495054-8d1c-4b0e-be6f-f30826a3d3dc_ITS_2	NR_137517.1	90.256	585	25	17	20	579	1	578	0.0	736	579	618	528
05495054-8d1c-4b0e-be6f-f30826a3d3dc_ITS_2	NR_137489.1	90.189	581	29	16	20	579	1	574	0.0	732	579	614	524
05495054-8d1c-4b0e-be6f-f30826a3d3dc_ITS_2	NR_171612.1	89.309	608	30	21	1	579	102	703	0.0	730	579	743	543
05495054-8d1c-4b0e-be6f-f30826a3d3dc_ITS_2	NR_172048.1	89.180	610	29	21	1	579	71	674	0.0	726	579	714	544
05495054-8d1c-4b0e-be6f-f30826a3d3dc_ITS_2	NR_191334.1	90.138	578	28	17	1	554	71	643	0.0	725	579	648	521
05495054-8d1c-4b0e-be6f-f30826a3d3dc_ITS_2	NR_171616.1	89.016	610	30	24	1	579	97	700	0.0	721	579	740	543
05495054-8d1c-4b0e-be6f-f30826a3d3dc_ITS_2	NR_172047.1	88.980	608	33	22	1	579	97	699	0.0	721	579	739	541
05495054-8d1c-4b0e-be6f-f30826a3d3dc_ITS_2	NR_135404.1	89.626	588	28	19	20	579	1	583	0.0	717	579	623	527
05495054-8d1c-4b0e-be6f-f30826a3d3dc_ITS_2	NR_135406.1	89.573	585	32	18	20	579	1	581	0.0	715	579	621	524
05495054-8d1c-4b0e-be6f-f30826a3d3dc_ITS_2	NR_137482.1	89.608	587	28	19	20	579	1	581	0.0	715	579	621	526
05495054-8d1c-4b0e-be6f-f30826a3d3dc_ITS_2	NR_151815.1	89.726	584	24	21	1	554	3	580	0.0	713	579	585	524
05495054-8d1c-4b0e-be6f-f30826a3d3dc_ITS_2	NR_137488.1	89.474	589	27	20	20	579	1	583	0.0	712	579	623	527
05495054-8d1c-4b0e-be6f-f30826a3d3dc_ITS_2	NR_135408.1	89.438	587	28	19	20	579	1	580	0.0	710	579	620	525
05495054-8d1c-4b0e-be6f-f30826a3d3dc_ITS_2	NR_169980.1	88.670	609	33	22	1	579	97	699	0.0	710	579	739	540
05495054-8d1c-4b0e-be6f-f30826a3d3dc_ITS_2	NR_172044.1	88.689	610	32	24	1	579	16	619	0.0	710	579	620	541
05495054-8d1c-4b0e-be6f-f30826a3d3dc_ITS_2	NR_137443.1	90.450	555	26	16	20	554	1	548	0.0	706	579	553	502
05495054-8d1c-4b0e-be6f-f30826a3d3dc_ITS_2	NR_137480.1	89.078	586	33	19	20	579	1	581	0.0	699	579	621	522
05495054-8d1c-4b0e-be6f-f30826a3d3dc_ITS_2	NR_171618.1	88.322	608	37	20	1	579	97	699	0.0	699	579	739	537
05495054-8d1c-4b0e-be6f-f30826a3d3dc_ITS_2	NR_137483.1	88.983	590	30	20	20	579	1	585	0.0	697	579	625	525
05495054-8d1c-4b0e-be6f-f30826a3d3dc_ITS_2	NR_137485.1	88.983	590	29	21	20	579	1	584	0.0	697	579	624	525
05495054-8d1c-4b0e-be6f-f30826a3d3dc_ITS_2	NR_137490.1	88.814	590	30	21	20	579	1	584	0.0	691	579	624	524
05495054-8d1c-4b0e-be6f-f30826a3d3dc_ITS_2	NR_137487.1	88.776	588	32	19	20	579	1	582	0.0	689	579	622	522
05495054-8d1c-4b0e-be6f-f30826a3d3dc_ITS_2	NR_137481.1	88.699	584	39	16	20	579	1	581	0.0	688	579	621	518
05495054-8d1c-4b0e-be6f-f30826a3d3dc_ITS_2	NR_137484.1	88.663	591	31	22	20	579	1	586	0.0	688	579	626	524
05495054-8d1c-4b0e-be6f-f30826a3d3dc_ITS_2	NR_137486.1	88.663	591	30	24	20	579	1	585	0.0	686	579	625	524
05495054-8d1c-4b0e-be6f-f30826a3d3dc_ITS_2	NR_135412.1	88.625	589	32	21	20	579	1	583	0.0	684	579	623	522
05495054-8d1c-4b0e-be6f-f30826a3d3dc_ITS_2	NR_121482.1	87.954	606	40	21	1	579	71	670	0.0	684	579	710	533
05495054-8d1c-4b0e-be6f-f30826a3d3dc_ITS_2	NR_135437.1	88.699	584	31	20	26	579	1	579	0.0	680	579	619	518
05495054-8d1c-4b0e-be6f-f30826a3d3dc_ITS_2	NR_172366.1	89.362	564	25	21	20	554	1	558	0.0	676	579	563	504
05495054-8d1c-4b0e-be6f-f30826a3d3dc_ITS_2	NR_171609.1	87.624	606	42	21	1	579	102	701	0.0	673	579	741	531
05495054-8d1c-4b0e-be6f-f30826a3d3dc_ITS_2	NR_137515.1	89.194	546	27	17	62	579	1	542	0.0	652	579	582	487
05495054-8d1c-4b0e-be6f-f30826a3d3dc_ITS_2	NR_151782.1	88.809	554	28	20	56	579	1	550	0.0	649	579	590	492
05495054-8d1c-4b0e-be6f-f30826a3d3dc_ITS_2	NR_137514.1	88.869	548	27	19	62	579	1	544	0.0	643	579	584	487
05495054-8d1c-4b0e-be6f-f30826a3d3dc_ITS_2	NR_135410.1	87.267	589	41	22	20	579	1	584	0.0	641	579	624	514
05495054-8d1c-4b0e-be6f-f30826a3d3dc_ITS_2	NR_137516.1	88.828	546	29	18	62	579	1	542	0.0	641	579	582	485
05495054-8d1c-4b0e-be6f-f30826a3d3dc_ITS_2	NR_136948.1	90.020	511	25	15	31	521	1	505	0.0	638	579	505	460
05495054-8d1c-4b0e-be6f-f30826a3d3dc_ITS_2	NR_135436.1	88.686	548	28	20	62	579	1	544	0.0	638	579	584	486
05495054-8d1c-4b0e-be6f-f30826a3d3dc_ITS_2	NR_135438.1	88.448	554	30	19	56	579	1	550	0.0	638	579	590	490
05495054-8d1c-4b0e-be6f-f30826a3d3dc_ITS_2	NR_135411.1	87.097	589	42	22	20	579	1	584	0.0	636	579	624	513
05495054-8d1c-4b0e-be6f-f30826a3d3dc_ITS_2	NR_135403.1	86.927	589	43	22	20	579	1	584	0.0	630	579	624	512
05495054-8d1c-4b0e-be6f-f30826a3d3dc_ITS_2	NR_137442.1	89.729	516	22	17	31	521	1	510	0.0	630	579	510	463
05495054-8d1c-4b0e-be6f-f30826a3d3dc_ITS_2	NR_160194.1	88.743	533	25	21	24	527	1	527	1.62e-177	619	579	527	473
05495054-8d1c-4b0e-be6f-f30826a3d3dc_ITS_2	NR_151792.1	86.116	605	43	25	1	579	87	676	7.55e-176	614	579	716	521
05495054-8d1c-4b0e-be6f-f30826a3d3dc_ITS_2	NR_159605.1	85.904	603	53	20	1	579	118	712	7.55e-176	614	579	752	518
05495054-8d1c-4b0e-be6f-f30826a3d3dc_ITS_2	NR_158825.1	85.880	602	47	25	1	579	1	587	1.26e-173	606	579	587	517
05495054-8d1c-4b0e-be6f-f30826a3d3dc_ITS_2	NR_190236.1	87.276	558	35	19	44	571	1	552	4.54e-173	604	579	552	487
05495054-8d1c-4b0e-be6f-f30826a3d3dc_ITS_2	NR_158821.1	85.857	601	45	30	1	579	1	583	1.63e-172	603	579	583	516
05495054-8d1c-4b0e-be6f-f30826a3d3dc_ITS_2	NR_172032.1	85.738	603	48	25	1	579	1	589	1.63e-172	603	579	589	517
05495054-8d1c-4b0e-be6f-f30826a3d3dc_ITS_2	NR_146250.1	85.667	600	48	25	4	579	1	586	7.60e-171	597	579	587	514
05495054-8d1c-4b0e-be6f-f30826a3d3dc_ITS_2	NR_131310.1	88.484	521	24	22	31	521	1	515	7.60e-171	597	579	515	461
05495054-8d1c-4b0e-be6f-f30826a3d3dc_ITS_2	NR_077152.1	85.572	603	49	24	1	579	1	589	7.60e-171	597	579	613	516
05495054-8d1c-4b0e-be6f-f30826a3d3dc_ITS_2	NR_158820.1	85.548	602	49	27	1	579	1	587	2.73e-170	595	579	587	515
05495054-8d1c-4b0e-be6f-f30826a3d3dc_ITS_2	NR_144845.1	85.382	602	46	29	1	579	59	641	1.64e-167	586	579	681	514
05495054-8d1c-4b0e-be6f-f30826a3d3dc_ITS_2	NR_177169.1	85.642	592	45	26	1	572	15	586	1.64e-167	586	579	586	507
05495054-8d1c-4b0e-be6f-f30826a3d3dc_ITS_2	NR_137518.1	86.559	558	41	21	49	579	3	553	5.92e-167	584	579	553	483
05495054-8d1c-4b0e-be6f-f30826a3d3dc_ITS_2	NR_137734.1	85.358	601	46	29	1	579	71	651	5.92e-167	584	579	691	513
05495054-8d1c-4b0e-be6f-f30826a3d3dc_ITS_2	NR_158822.1	85.240	603	49	26	1	579	2	588	5.92e-167	584	579	588	514
05495054-8d1c-4b0e-be6f-f30826a3d3dc_ITS_2	NR_103657.2	85.358	601	45	31	1	579	67	646	2.13e-166	582	579	686	513
05495054-8d1c-4b0e-be6f-f30826a3d3dc_ITS_2	NR_169981.1	85.314	606	42	31	1	579	114	699	2.13e-166	582	579	739	517
05495054-8d1c-4b0e-be6f-f30826a3d3dc_ITS_2	NR_171587.1	85.075	603	51	27	1	579	1	588	2.75e-165	579	579	588	513
05495054-8d1c-4b0e-be6f-f30826a3d3dc_ITS_2	NR_138263.1	85.567	582	49	24	20	579	1	569	9.90e-165	577	579	609	498
05495054-8d1c-4b0e-be6f-f30826a3d3dc_ITS_2	NR_177474.1	85.544	588	43	29	1	567	14	580	9.90e-165	577	579	581	503
05495054-8d1c-4b0e-be6f-f30826a3d3dc_ITS_2	NR_154738.1	89.451	474	24	15	64	513	1	472	3.56e-164	575	579	474	424
05495054-8d1c-4b0e-be6f-f30826a3d3dc_ITS_2	NR_151822.1	85.254	590	49	24	14	579	1	576	1.28e-163	573	579	616	503
05495054-8d1c-4b0e-be6f-f30826a3d3dc_ITS_2	NR_121516.1	84.843	607	46	30	1	579	67	655	1.66e-162	569	579	695	515
05495054-8d1c-4b0e-be6f-f30826a3d3dc_ITS_2	NR_163678.1	84.859	601	52	28	1	579	69	652	1.66e-162	569	579	692	510
05495054-8d1c-4b0e-be6f-f30826a3d3dc_ITS_2	NR_153225.1	85.399	589	37	30	20	579	1	569	2.14e-161	566	579	609	503
05495054-8d1c-4b0e-be6f-f30826a3d3dc_ITS_2	NR_153244.1	85.399	589	37	30	20	579	1	569	2.14e-161	566	579	609	503
05495054-8d1c-4b0e-be6f-f30826a3d3dc_ITS_2	NR_138306.1	84.793	605	46	29	1	579	104	688	2.14e-161	566	579	728	513
05495054-8d1c-4b0e-be6f-f30826a3d3dc_ITS_2	NR_145178.1	85.374	588	39	29	20	579	1	569	2.14e-161	566	579	609	502
05495054-8d1c-4b0e-be6f-f30826a3d3dc_ITS_2	NR_171588.1	84.692	601	54	27	1	579	1	585	2.14e-161	566	579	585	509
05495054-8d1c-4b0e-be6f-f30826a3d3dc_ITS_2	NR_177502.1	84.804	612	39	32	1	579	104	694	2.14e-161	566	579	734	519
05495054-8d1c-4b0e-be6f-f30826a3d3dc_ITS_2	NR_077155.1	84.692	601	53	28	1	579	1	584	7.71e-161	564	579	608	509
05495054-8d1c-4b0e-be6f-f30826a3d3dc_ITS_2	NR_163675.1	84.743	603	49	30	1	579	88	671	7.71e-161	564	579	711	511
05495054-8d1c-4b0e-be6f-f30826a3d3dc_ITS_2	NR_160206.1	88.072	503	25	20	56	530	8	503	7.71e-161	564	579	505	443
05495054-8d1c-4b0e-be6f-f30826a3d3dc_ITS_2	NR_171585.1	84.718	602	51	28	1	579	1	584	7.71e-161	564	579	584	510
05495054-8d1c-4b0e-be6f-f30826a3d3dc_ITS_2	NR_121515.1	84.653	606	48	30	1	579	67	654	2.77e-160	562	579	694	513
05495054-8d1c-4b0e-be6f-f30826a3d3dc_ITS_2	NR_185789.1	85.467	578	41	29	1	554	71	629	2.77e-160	562	579	639	494
05495054-8d1c-4b0e-be6f-f30826a3d3dc_ITS_2	NR_198141.1	85.345	580	43	27	1	554	3	566	2.77e-160	562	579	571	495
05495054-8d1c-4b0e-be6f-f30826a3d3dc_ITS_2	NR_153220.1	85.103	584	47	27	20	579	1	568	9.97e-160	560	579	608	497
05495054-8d1c-4b0e-be6f-f30826a3d3dc_ITS_2	NR_153222.1	85.229	589	38	32	20	579	1	569	9.97e-160	560	579	609	502
05495054-8d1c-4b0e-be6f-f30826a3d3dc_ITS_2	NR_138339.1	85.103	584	47	26	21	579	1	569	9.97e-160	560	579	609	497
05495054-8d1c-4b0e-be6f-f30826a3d3dc_ITS_2	NR_145176.1	85.229	589	38	30	20	579	1	569	9.97e-160	560	579	609	502
05495054-8d1c-4b0e-be6f-f30826a3d3dc_ITS_2	NR_158823.1	84.603	604	49	29	1	579	2	586	9.97e-160	560	579	586	511
05495054-8d1c-4b0e-be6f-f30826a3d3dc_ITS_2	NR_121231.1	85.103	584	47	26	20	579	1	568	9.97e-160	560	579	608	497
05495054-8d1c-4b0e-be6f-f30826a3d3dc_ITS_2	NR_158827.1	84.874	595	44	32	1	567	1	577	3.59e-159	558	579	577	505
05495054-8d1c-4b0e-be6f-f30826a3d3dc_ITS_2	NR_156333.1	85.417	576	39	33	1	554	3	555	1.29e-158	556	579	565	492
05495054-8d1c-4b0e-be6f-f30826a3d3dc_ITS_2	NR_103605.1	84.401	609	49	29	1	576	1	596	1.29e-158	556	579	596	514
05495054-8d1c-4b0e-be6f-f30826a3d3dc_ITS_2	NR_103606.1	84.385	602	57	26	1	576	1	591	1.29e-158	556	579	591	508
05495054-8d1c-4b0e-be6f-f30826a3d3dc_ITS_2	NR_121202.1	84.957	585	49	29	20	579	1	571	1.29e-158	556	579	611	497
05495054-8d1c-4b0e-be6f-f30826a3d3dc_ITS_2	NR_121230.1	84.906	583	50	24	20	579	1	568	4.64e-158	555	579	608	495
