05495054-8d1c-4b0e-be6f-f30826a3d3dc_ITS_1	NR_121481.1	91.419	606	16	15	21	599	71	667	0.0	798	599	707	554
05495054-8d1c-4b0e-be6f-f30826a3d3dc_ITS_1	NR_171617.1	90.651	599	29	15	21	599	97	688	0.0	771	599	728	543
05495054-8d1c-4b0e-be6f-f30826a3d3dc_ITS_1	NR_138362.1	90.594	606	19	16	21	599	57	651	0.0	769	599	691	549
05495054-8d1c-4b0e-be6f-f30826a3d3dc_ITS_1	NR_138341.1	90.365	602	30	16	21	599	113	709	0.0	765	599	749	544
05495054-8d1c-4b0e-be6f-f30826a3d3dc_ITS_1	NR_151816.1	90.815	577	25	16	21	574	3	574	0.0	747	599	579	524
05495054-8d1c-4b0e-be6f-f30826a3d3dc_ITS_1	NR_137479.1	90.395	583	24	18	40	599	1	574	0.0	737	599	614	527
05495054-8d1c-4b0e-be6f-f30826a3d3dc_ITS_1	NR_135407.1	90.345	580	30	15	40	599	1	574	0.0	737	599	614	524
05495054-8d1c-4b0e-be6f-f30826a3d3dc_ITS_1	NR_135405.1	90.256	585	25	17	40	599	1	578	0.0	736	599	618	528
05495054-8d1c-4b0e-be6f-f30826a3d3dc_ITS_1	NR_135409.1	90.273	586	24	18	40	599	1	579	0.0	736	599	619	529
05495054-8d1c-4b0e-be6f-f30826a3d3dc_ITS_1	NR_137517.1	90.256	585	25	17	40	599	1	578	0.0	736	599	618	528
05495054-8d1c-4b0e-be6f-f30826a3d3dc_ITS_1	NR_137489.1	90.189	581	29	16	40	599	1	574	0.0	732	599	614	524
05495054-8d1c-4b0e-be6f-f30826a3d3dc_ITS_1	NR_171612.1	89.309	608	30	21	21	599	102	703	0.0	730	599	743	543
05495054-8d1c-4b0e-be6f-f30826a3d3dc_ITS_1	NR_172048.1	89.180	610	29	21	21	599	71	674	0.0	726	599	714	544
05495054-8d1c-4b0e-be6f-f30826a3d3dc_ITS_1	NR_191334.1	90.138	578	28	17	21	574	71	643	0.0	725	599	648	521
05495054-8d1c-4b0e-be6f-f30826a3d3dc_ITS_1	NR_171616.1	89.016	610	30	24	21	599	97	700	0.0	721	599	740	543
05495054-8d1c-4b0e-be6f-f30826a3d3dc_ITS_1	NR_172047.1	88.980	608	33	22	21	599	97	699	0.0	721	599	739	541
05495054-8d1c-4b0e-be6f-f30826a3d3dc_ITS_1	NR_135404.1	89.626	588	28	19	40	599	1	583	0.0	717	599	623	527
05495054-8d1c-4b0e-be6f-f30826a3d3dc_ITS_1	NR_135406.1	89.573	585	32	18	40	599	1	581	0.0	715	599	621	524
05495054-8d1c-4b0e-be6f-f30826a3d3dc_ITS_1	NR_137482.1	89.608	587	28	19	40	599	1	581	0.0	715	599	621	526
05495054-8d1c-4b0e-be6f-f30826a3d3dc_ITS_1	NR_151815.1	89.726	584	24	21	21	574	3	580	0.0	713	599	585	524
05495054-8d1c-4b0e-be6f-f30826a3d3dc_ITS_1	NR_137488.1	89.474	589	27	20	40	599	1	583	0.0	712	599	623	527
05495054-8d1c-4b0e-be6f-f30826a3d3dc_ITS_1	NR_135408.1	89.438	587	28	19	40	599	1	580	0.0	710	599	620	525
05495054-8d1c-4b0e-be6f-f30826a3d3dc_ITS_1	NR_169980.1	88.670	609	33	22	21	599	97	699	0.0	710	599	739	540
05495054-8d1c-4b0e-be6f-f30826a3d3dc_ITS_1	NR_172044.1	88.689	610	32	24	21	599	16	619	0.0	710	599	620	541
05495054-8d1c-4b0e-be6f-f30826a3d3dc_ITS_1	NR_137443.1	90.450	555	26	16	40	574	1	548	0.0	706	599	553	502
05495054-8d1c-4b0e-be6f-f30826a3d3dc_ITS_1	NR_137480.1	89.078	586	33	19	40	599	1	581	0.0	699	599	621	522
05495054-8d1c-4b0e-be6f-f30826a3d3dc_ITS_1	NR_171618.1	88.322	608	37	20	21	599	97	699	0.0	699	599	739	537
05495054-8d1c-4b0e-be6f-f30826a3d3dc_ITS_1	NR_137483.1	88.983	590	30	20	40	599	1	585	0.0	697	599	625	525
05495054-8d1c-4b0e-be6f-f30826a3d3dc_ITS_1	NR_137485.1	88.983	590	29	21	40	599	1	584	0.0	697	599	624	525
05495054-8d1c-4b0e-be6f-f30826a3d3dc_ITS_1	NR_137490.1	88.814	590	30	21	40	599	1	584	0.0	691	599	624	524
05495054-8d1c-4b0e-be6f-f30826a3d3dc_ITS_1	NR_137487.1	88.776	588	32	19	40	599	1	582	0.0	689	599	622	522
05495054-8d1c-4b0e-be6f-f30826a3d3dc_ITS_1	NR_137481.1	88.699	584	39	16	40	599	1	581	0.0	688	599	621	518
05495054-8d1c-4b0e-be6f-f30826a3d3dc_ITS_1	NR_137484.1	88.663	591	31	22	40	599	1	586	0.0	688	599	626	524
05495054-8d1c-4b0e-be6f-f30826a3d3dc_ITS_1	NR_137486.1	88.663	591	30	24	40	599	1	585	0.0	686	599	625	524
05495054-8d1c-4b0e-be6f-f30826a3d3dc_ITS_1	NR_135412.1	88.625	589	32	21	40	599	1	583	0.0	684	599	623	522
05495054-8d1c-4b0e-be6f-f30826a3d3dc_ITS_1	NR_121482.1	87.954	606	40	21	21	599	71	670	0.0	684	599	710	533
05495054-8d1c-4b0e-be6f-f30826a3d3dc_ITS_1	NR_135437.1	88.699	584	31	20	46	599	1	579	0.0	680	599	619	518
05495054-8d1c-4b0e-be6f-f30826a3d3dc_ITS_1	NR_172366.1	89.362	564	25	21	40	574	1	558	0.0	676	599	563	504
05495054-8d1c-4b0e-be6f-f30826a3d3dc_ITS_1	NR_171609.1	87.624	606	42	21	21	599	102	701	0.0	673	599	741	531
05495054-8d1c-4b0e-be6f-f30826a3d3dc_ITS_1	NR_137515.1	89.194	546	27	17	82	599	1	542	0.0	652	599	582	487
05495054-8d1c-4b0e-be6f-f30826a3d3dc_ITS_1	NR_151782.1	88.809	554	28	20	76	599	1	550	0.0	649	599	590	492
05495054-8d1c-4b0e-be6f-f30826a3d3dc_ITS_1	NR_137514.1	88.869	548	27	19	82	599	1	544	0.0	643	599	584	487
05495054-8d1c-4b0e-be6f-f30826a3d3dc_ITS_1	NR_135410.1	87.267	589	41	22	40	599	1	584	0.0	641	599	624	514
05495054-8d1c-4b0e-be6f-f30826a3d3dc_ITS_1	NR_137516.1	88.828	546	29	18	82	599	1	542	0.0	641	599	582	485
05495054-8d1c-4b0e-be6f-f30826a3d3dc_ITS_1	NR_136948.1	90.020	511	25	15	51	541	1	505	0.0	638	599	505	460
05495054-8d1c-4b0e-be6f-f30826a3d3dc_ITS_1	NR_135436.1	88.686	548	28	20	82	599	1	544	0.0	638	599	584	486
05495054-8d1c-4b0e-be6f-f30826a3d3dc_ITS_1	NR_135438.1	88.448	554	30	19	76	599	1	550	0.0	638	599	590	490
05495054-8d1c-4b0e-be6f-f30826a3d3dc_ITS_1	NR_135411.1	87.097	589	42	22	40	599	1	584	0.0	636	599	624	513
05495054-8d1c-4b0e-be6f-f30826a3d3dc_ITS_1	NR_135403.1	86.927	589	43	22	40	599	1	584	0.0	630	599	624	512
05495054-8d1c-4b0e-be6f-f30826a3d3dc_ITS_1	NR_137442.1	89.729	516	22	17	51	541	1	510	0.0	630	599	510	463
05495054-8d1c-4b0e-be6f-f30826a3d3dc_ITS_1	NR_160194.1	88.743	533	25	21	44	547	1	527	1.68e-177	619	599	527	473
05495054-8d1c-4b0e-be6f-f30826a3d3dc_ITS_1	NR_151792.1	86.116	605	43	25	21	599	87	676	7.82e-176	614	599	716	521
05495054-8d1c-4b0e-be6f-f30826a3d3dc_ITS_1	NR_159605.1	85.904	603	53	20	21	599	118	712	7.82e-176	614	599	752	518
05495054-8d1c-4b0e-be6f-f30826a3d3dc_ITS_1	NR_158825.1	85.880	602	47	25	21	599	1	587	1.31e-173	606	599	587	517
05495054-8d1c-4b0e-be6f-f30826a3d3dc_ITS_1	NR_190236.1	87.276	558	35	19	64	591	1	552	4.70e-173	604	599	552	487
05495054-8d1c-4b0e-be6f-f30826a3d3dc_ITS_1	NR_158821.1	85.857	601	45	30	21	599	1	583	1.69e-172	603	599	583	516
05495054-8d1c-4b0e-be6f-f30826a3d3dc_ITS_1	NR_172032.1	85.738	603	48	25	21	599	1	589	1.69e-172	603	599	589	517
05495054-8d1c-4b0e-be6f-f30826a3d3dc_ITS_1	NR_146250.1	85.667	600	48	25	24	599	1	586	7.87e-171	597	599	587	514
05495054-8d1c-4b0e-be6f-f30826a3d3dc_ITS_1	NR_131310.1	88.484	521	24	22	51	541	1	515	7.87e-171	597	599	515	461
05495054-8d1c-4b0e-be6f-f30826a3d3dc_ITS_1	NR_077152.1	85.572	603	49	24	21	599	1	589	7.87e-171	597	599	613	516
05495054-8d1c-4b0e-be6f-f30826a3d3dc_ITS_1	NR_158820.1	85.548	602	49	27	21	599	1	587	2.83e-170	595	599	587	515
05495054-8d1c-4b0e-be6f-f30826a3d3dc_ITS_1	NR_144845.1	85.382	602	46	29	21	599	59	641	1.70e-167	586	599	681	514
05495054-8d1c-4b0e-be6f-f30826a3d3dc_ITS_1	NR_177169.1	85.642	592	45	26	21	592	15	586	1.70e-167	586	599	586	507
05495054-8d1c-4b0e-be6f-f30826a3d3dc_ITS_1	NR_137518.1	86.559	558	41	21	69	599	3	553	6.13e-167	584	599	553	483
05495054-8d1c-4b0e-be6f-f30826a3d3dc_ITS_1	NR_137734.1	85.358	601	46	29	21	599	71	651	6.13e-167	584	599	691	513
05495054-8d1c-4b0e-be6f-f30826a3d3dc_ITS_1	NR_158822.1	85.240	603	49	26	21	599	2	588	6.13e-167	584	599	588	514
05495054-8d1c-4b0e-be6f-f30826a3d3dc_ITS_1	NR_103657.2	85.358	601	45	31	21	599	67	646	2.20e-166	582	599	686	513
05495054-8d1c-4b0e-be6f-f30826a3d3dc_ITS_1	NR_169981.1	85.314	606	42	31	21	599	114	699	2.20e-166	582	599	739	517
05495054-8d1c-4b0e-be6f-f30826a3d3dc_ITS_1	NR_171587.1	85.075	603	51	27	21	599	1	588	2.85e-165	579	599	588	513
05495054-8d1c-4b0e-be6f-f30826a3d3dc_ITS_1	NR_138263.1	85.567	582	49	24	40	599	1	569	1.03e-164	577	599	609	498
05495054-8d1c-4b0e-be6f-f30826a3d3dc_ITS_1	NR_177474.1	85.544	588	43	29	21	587	14	580	1.03e-164	577	599	581	503
05495054-8d1c-4b0e-be6f-f30826a3d3dc_ITS_1	NR_154738.1	89.451	474	24	15	84	533	1	472	3.69e-164	575	599	474	424
05495054-8d1c-4b0e-be6f-f30826a3d3dc_ITS_1	NR_151822.1	85.254	590	49	24	34	599	1	576	1.33e-163	573	599	616	503
05495054-8d1c-4b0e-be6f-f30826a3d3dc_ITS_1	NR_121516.1	84.843	607	46	30	21	599	67	655	1.72e-162	569	599	695	515
05495054-8d1c-4b0e-be6f-f30826a3d3dc_ITS_1	NR_163678.1	84.859	601	52	28	21	599	69	652	1.72e-162	569	599	692	510
05495054-8d1c-4b0e-be6f-f30826a3d3dc_ITS_1	NR_153225.1	85.399	589	37	30	40	599	1	569	2.22e-161	566	599	609	503
05495054-8d1c-4b0e-be6f-f30826a3d3dc_ITS_1	NR_153244.1	85.399	589	37	30	40	599	1	569	2.22e-161	566	599	609	503
05495054-8d1c-4b0e-be6f-f30826a3d3dc_ITS_1	NR_138306.1	84.793	605	46	29	21	599	104	688	2.22e-161	566	599	728	513
05495054-8d1c-4b0e-be6f-f30826a3d3dc_ITS_1	NR_145178.1	85.374	588	39	29	40	599	1	569	2.22e-161	566	599	609	502
05495054-8d1c-4b0e-be6f-f30826a3d3dc_ITS_1	NR_171588.1	84.692	601	54	27	21	599	1	585	2.22e-161	566	599	585	509
05495054-8d1c-4b0e-be6f-f30826a3d3dc_ITS_1	NR_177502.1	84.804	612	39	32	21	599	104	694	2.22e-161	566	599	734	519
05495054-8d1c-4b0e-be6f-f30826a3d3dc_ITS_1	NR_077155.1	84.692	601	53	28	21	599	1	584	7.98e-161	564	599	608	509
05495054-8d1c-4b0e-be6f-f30826a3d3dc_ITS_1	NR_163675.1	84.743	603	49	30	21	599	88	671	7.98e-161	564	599	711	511
05495054-8d1c-4b0e-be6f-f30826a3d3dc_ITS_1	NR_160206.1	88.072	503	25	20	76	550	8	503	7.98e-161	564	599	505	443
05495054-8d1c-4b0e-be6f-f30826a3d3dc_ITS_1	NR_171585.1	84.718	602	51	28	21	599	1	584	7.98e-161	564	599	584	510
05495054-8d1c-4b0e-be6f-f30826a3d3dc_ITS_1	NR_121515.1	84.653	606	48	30	21	599	67	654	2.87e-160	562	599	694	513
05495054-8d1c-4b0e-be6f-f30826a3d3dc_ITS_1	NR_185789.1	85.467	578	41	29	21	574	71	629	2.87e-160	562	599	639	494
05495054-8d1c-4b0e-be6f-f30826a3d3dc_ITS_1	NR_198141.1	85.345	580	43	27	21	574	3	566	2.87e-160	562	599	571	495
05495054-8d1c-4b0e-be6f-f30826a3d3dc_ITS_1	NR_153220.1	85.103	584	47	27	40	599	1	568	1.03e-159	560	599	608	497
05495054-8d1c-4b0e-be6f-f30826a3d3dc_ITS_1	NR_153222.1	85.229	589	38	32	40	599	1	569	1.03e-159	560	599	609	502
05495054-8d1c-4b0e-be6f-f30826a3d3dc_ITS_1	NR_138339.1	85.103	584	47	26	41	599	1	569	1.03e-159	560	599	609	497
05495054-8d1c-4b0e-be6f-f30826a3d3dc_ITS_1	NR_145176.1	85.229	589	38	30	40	599	1	569	1.03e-159	560	599	609	502
05495054-8d1c-4b0e-be6f-f30826a3d3dc_ITS_1	NR_158823.1	84.603	604	49	29	21	599	2	586	1.03e-159	560	599	586	511
05495054-8d1c-4b0e-be6f-f30826a3d3dc_ITS_1	NR_121231.1	85.103	584	47	26	40	599	1	568	1.03e-159	560	599	608	497
05495054-8d1c-4b0e-be6f-f30826a3d3dc_ITS_1	NR_158827.1	84.874	595	44	32	21	587	1	577	3.71e-159	558	599	577	505
05495054-8d1c-4b0e-be6f-f30826a3d3dc_ITS_1	NR_156333.1	85.417	576	39	33	21	574	3	555	1.34e-158	556	599	565	492
05495054-8d1c-4b0e-be6f-f30826a3d3dc_ITS_1	NR_103605.1	84.401	609	49	29	21	596	1	596	1.34e-158	556	599	596	514
05495054-8d1c-4b0e-be6f-f30826a3d3dc_ITS_1	NR_103606.1	84.385	602	57	26	21	596	1	591	1.34e-158	556	599	591	508
05495054-8d1c-4b0e-be6f-f30826a3d3dc_ITS_1	NR_121202.1	84.957	585	49	29	40	599	1	571	1.34e-158	556	599	611	497
05495054-8d1c-4b0e-be6f-f30826a3d3dc_ITS_1	NR_121230.1	84.906	583	50	24	40	599	1	568	4.81e-158	555	599	608	495
