0ae9356b-1fb1-473a-9d08-01dbc1a74409_ITS_1	NR_121481.1	99.331	598	0	4	1	595	71	667	0.0	1079	595	707	594
0ae9356b-1fb1-473a-9d08-01dbc1a74409_ITS_1	NR_138362.1	98.495	598	3	5	1	595	57	651	0.0	1050	595	691	589
0ae9356b-1fb1-473a-9d08-01dbc1a74409_ITS_1	NR_171617.1	97.826	598	4	8	1	595	97	688	0.0	1024	595	728	585
0ae9356b-1fb1-473a-9d08-01dbc1a74409_ITS_1	NR_138341.1	97.167	600	9	7	1	595	113	709	0.0	1007	595	749	583
0ae9356b-1fb1-473a-9d08-01dbc1a74409_ITS_1	NR_137479.1	98.100	579	3	7	20	595	1	574	0.0	1002	595	614	568
0ae9356b-1fb1-473a-9d08-01dbc1a74409_ITS_1	NR_135407.1	97.755	579	5	8	20	595	1	574	0.0	990	595	614	566
0ae9356b-1fb1-473a-9d08-01dbc1a74409_ITS_1	NR_171616.1	96.535	606	8	11	1	595	97	700	0.0	990	595	740	585
0ae9356b-1fb1-473a-9d08-01dbc1a74409_ITS_1	NR_172047.1	96.529	605	9	11	1	595	97	699	0.0	990	595	739	584
0ae9356b-1fb1-473a-9d08-01dbc1a74409_ITS_1	NR_137489.1	97.582	579	6	7	20	595	1	574	0.0	985	595	614	565
0ae9356b-1fb1-473a-9d08-01dbc1a74409_ITS_1	NR_172044.1	96.370	606	9	11	1	595	16	619	0.0	985	595	620	584
0ae9356b-1fb1-473a-9d08-01dbc1a74409_ITS_1	NR_172048.1	96.370	606	9	10	1	595	71	674	0.0	985	595	714	584
0ae9356b-1fb1-473a-9d08-01dbc1a74409_ITS_1	NR_135405.1	97.418	581	7	7	20	595	1	578	0.0	983	595	618	566
0ae9356b-1fb1-473a-9d08-01dbc1a74409_ITS_1	NR_171612.1	96.358	604	11	10	1	595	102	703	0.0	983	595	743	582
0ae9356b-1fb1-473a-9d08-01dbc1a74409_ITS_1	NR_151816.1	97.414	580	8	6	1	576	3	579	0.0	981	595	579	565
0ae9356b-1fb1-473a-9d08-01dbc1a74409_ITS_1	NR_135409.1	97.251	582	7	8	20	595	1	579	0.0	977	595	619	566
0ae9356b-1fb1-473a-9d08-01dbc1a74409_ITS_1	NR_137517.1	97.246	581	8	7	20	595	1	578	0.0	977	595	618	565
0ae9356b-1fb1-473a-9d08-01dbc1a74409_ITS_1	NR_135404.1	97.089	584	8	8	20	595	1	583	0.0	976	595	623	567
0ae9356b-1fb1-473a-9d08-01dbc1a74409_ITS_1	NR_137482.1	97.084	583	8	9	20	595	1	581	0.0	974	595	621	566
0ae9356b-1fb1-473a-9d08-01dbc1a74409_ITS_1	NR_191334.1	96.902	581	10	7	1	576	71	648	0.0	966	595	648	563
0ae9356b-1fb1-473a-9d08-01dbc1a74409_ITS_1	NR_151815.1	96.752	585	8	9	1	576	3	585	0.0	965	595	585	566
0ae9356b-1fb1-473a-9d08-01dbc1a74409_ITS_1	NR_135406.1	96.741	583	10	8	20	595	1	581	0.0	963	595	621	564
0ae9356b-1fb1-473a-9d08-01dbc1a74409_ITS_1	NR_135408.1	96.741	583	9	9	20	595	1	580	0.0	963	595	620	564
0ae9356b-1fb1-473a-9d08-01dbc1a74409_ITS_1	NR_169980.1	95.710	606	12	13	1	595	97	699	0.0	963	595	739	580
0ae9356b-1fb1-473a-9d08-01dbc1a74409_ITS_1	NR_171618.1	95.702	605	14	10	1	595	97	699	0.0	963	595	739	579
0ae9356b-1fb1-473a-9d08-01dbc1a74409_ITS_1	NR_137488.1	96.581	585	9	10	20	595	1	583	0.0	959	595	623	565
0ae9356b-1fb1-473a-9d08-01dbc1a74409_ITS_1	NR_137483.1	96.416	586	10	9	20	595	1	585	0.0	955	595	625	565
0ae9356b-1fb1-473a-9d08-01dbc1a74409_ITS_1	NR_137485.1	96.416	586	9	10	20	595	1	584	0.0	955	595	624	565
0ae9356b-1fb1-473a-9d08-01dbc1a74409_ITS_1	NR_137486.1	96.422	587	8	11	20	595	1	585	0.0	955	595	625	566
0ae9356b-1fb1-473a-9d08-01dbc1a74409_ITS_1	NR_137490.1	96.246	586	10	10	20	595	1	584	0.0	950	595	624	564
0ae9356b-1fb1-473a-9d08-01dbc1a74409_ITS_1	NR_137443.1	97.496	559	6	7	20	576	1	553	0.0	948	595	553	545
0ae9356b-1fb1-473a-9d08-01dbc1a74409_ITS_1	NR_137480.1	96.233	584	11	10	20	595	1	581	0.0	946	595	621	562
0ae9356b-1fb1-473a-9d08-01dbc1a74409_ITS_1	NR_135412.1	96.062	584	14	9	20	595	1	583	0.0	942	595	623	561
0ae9356b-1fb1-473a-9d08-01dbc1a74409_ITS_1	NR_137484.1	95.911	587	12	11	20	595	1	586	0.0	941	595	626	563
0ae9356b-1fb1-473a-9d08-01dbc1a74409_ITS_1	NR_135437.1	96.207	580	11	9	26	595	1	579	0.0	939	595	619	558
0ae9356b-1fb1-473a-9d08-01dbc1a74409_ITS_1	NR_121482.1	95.025	603	19	11	1	595	71	670	0.0	937	595	710	573
0ae9356b-1fb1-473a-9d08-01dbc1a74409_ITS_1	NR_137481.1	95.876	582	17	5	20	595	1	581	0.0	935	595	621	558
0ae9356b-1fb1-473a-9d08-01dbc1a74409_ITS_1	NR_171609.1	94.850	602	22	9	1	595	102	701	0.0	931	595	741	571
0ae9356b-1fb1-473a-9d08-01dbc1a74409_ITS_1	NR_172366.1	96.637	565	9	9	20	576	1	563	0.0	929	595	563	546
0ae9356b-1fb1-473a-9d08-01dbc1a74409_ITS_1	NR_135410.1	94.872	585	20	10	20	595	1	584	0.0	905	595	624	555
0ae9356b-1fb1-473a-9d08-01dbc1a74409_ITS_1	NR_137515.1	96.869	543	8	8	61	595	1	542	0.0	900	595	582	526
0ae9356b-1fb1-473a-9d08-01dbc1a74409_ITS_1	NR_135411.1	94.701	585	21	10	20	595	1	584	0.0	900	595	624	554
0ae9356b-1fb1-473a-9d08-01dbc1a74409_ITS_1	NR_151782.1	96.370	551	9	10	55	595	1	550	0.0	896	595	590	531
0ae9356b-1fb1-473a-9d08-01dbc1a74409_ITS_1	NR_135403.1	94.530	585	22	10	20	595	1	584	0.0	894	595	624	553
0ae9356b-1fb1-473a-9d08-01dbc1a74409_ITS_1	NR_137516.1	96.501	543	10	8	61	595	1	542	0.0	889	595	582	524
0ae9356b-1fb1-473a-9d08-01dbc1a74409_ITS_1	NR_135436.1	96.330	545	9	10	61	595	1	544	0.0	885	595	584	525
0ae9356b-1fb1-473a-9d08-01dbc1a74409_ITS_1	NR_135438.1	96.007	551	11	9	55	595	1	550	0.0	885	595	590	529
0ae9356b-1fb1-473a-9d08-01dbc1a74409_ITS_1	NR_137514.1	96.330	545	9	8	61	595	1	544	0.0	885	595	584	525
0ae9356b-1fb1-473a-9d08-01dbc1a74409_ITS_1	NR_151792.1	93.511	601	22	15	1	595	87	676	0.0	878	595	716	562
0ae9356b-1fb1-473a-9d08-01dbc1a74409_ITS_1	NR_136948.1	97.843	510	4	7	31	538	1	505	0.0	874	595	505	499
0ae9356b-1fb1-473a-9d08-01dbc1a74409_ITS_1	NR_190236.1	95.479	553	14	8	44	587	1	551	0.0	872	595	552	528
0ae9356b-1fb1-473a-9d08-01dbc1a74409_ITS_1	NR_159605.1	92.988	599	34	8	1	595	118	712	0.0	867	595	752	557
0ae9356b-1fb1-473a-9d08-01dbc1a74409_ITS_1	NR_137442.1	97.266	512	8	6	31	538	1	510	0.0	863	595	510	498
0ae9356b-1fb1-473a-9d08-01dbc1a74409_ITS_1	NR_160194.1	96.219	529	10	10	24	544	1	527	0.0	857	595	527	509
0ae9356b-1fb1-473a-9d08-01dbc1a74409_ITS_1	NR_158821.1	92.988	599	22	17	1	595	1	583	0.0	856	595	583	557
0ae9356b-1fb1-473a-9d08-01dbc1a74409_ITS_1	NR_077152.1	92.667	600	28	15	1	595	1	589	0.0	850	595	613	556
0ae9356b-1fb1-473a-9d08-01dbc1a74409_ITS_1	NR_158820.1	92.667	600	26	14	1	595	1	587	0.0	848	595	587	556
0ae9356b-1fb1-473a-9d08-01dbc1a74409_ITS_1	NR_158825.1	92.667	600	26	15	1	595	1	587	0.0	848	595	587	556
0ae9356b-1fb1-473a-9d08-01dbc1a74409_ITS_1	NR_137518.1	94.245	556	22	10	47	595	1	553	0.0	841	595	553	524
0ae9356b-1fb1-473a-9d08-01dbc1a74409_ITS_1	NR_153225.1	93.299	582	20	16	20	595	1	569	0.0	841	595	609	543
0ae9356b-1fb1-473a-9d08-01dbc1a74409_ITS_1	NR_153244.1	93.299	582	20	16	20	595	1	569	0.0	841	595	609	543
0ae9356b-1fb1-473a-9d08-01dbc1a74409_ITS_1	NR_145178.1	93.287	581	22	15	20	595	1	569	0.0	841	595	609	542
0ae9356b-1fb1-473a-9d08-01dbc1a74409_ITS_1	NR_169981.1	92.525	602	22	18	1	595	114	699	0.0	841	595	739	557
0ae9356b-1fb1-473a-9d08-01dbc1a74409_ITS_1	NR_144845.1	92.500	600	23	18	1	595	59	641	0.0	839	595	681	555
0ae9356b-1fb1-473a-9d08-01dbc1a74409_ITS_1	NR_131310.1	96.325	517	8	10	31	538	1	515	0.0	839	595	515	498
0ae9356b-1fb1-473a-9d08-01dbc1a74409_ITS_1	NR_172032.1	92.346	601	28	15	1	595	1	589	0.0	839	595	589	555
0ae9356b-1fb1-473a-9d08-01dbc1a74409_ITS_1	NR_145177.1	93.139	583	20	17	20	595	1	570	0.0	837	595	610	543
0ae9356b-1fb1-473a-9d08-01dbc1a74409_ITS_1	NR_153223.1	93.127	582	21	16	20	595	1	569	0.0	835	595	609	542
0ae9356b-1fb1-473a-9d08-01dbc1a74409_ITS_1	NR_145176.1	93.127	582	21	16	20	595	1	569	0.0	835	595	609	542
0ae9356b-1fb1-473a-9d08-01dbc1a74409_ITS_1	NR_146250.1	92.308	598	28	15	4	595	1	586	0.0	833	595	587	552
0ae9356b-1fb1-473a-9d08-01dbc1a74409_ITS_1	NR_171587.1	92.154	599	32	14	1	595	1	588	0.0	832	595	588	552
0ae9356b-1fb1-473a-9d08-01dbc1a74409_ITS_1	NR_153220.1	92.919	579	27	12	20	595	1	568	0.0	830	595	608	538
0ae9356b-1fb1-473a-9d08-01dbc1a74409_ITS_1	NR_153222.1	92.955	582	22	16	20	595	1	569	0.0	830	595	609	541
0ae9356b-1fb1-473a-9d08-01dbc1a74409_ITS_1	NR_138306.1	92.167	600	27	17	1	595	104	688	0.0	830	595	728	553
0ae9356b-1fb1-473a-9d08-01dbc1a74409_ITS_1	NR_151822.1	92.491	586	30	14	14	595	1	576	0.0	826	595	616	542
0ae9356b-1fb1-473a-9d08-01dbc1a74409_ITS_1	NR_158822.1	92.013	601	28	16	1	595	2	588	0.0	826	595	588	553
0ae9356b-1fb1-473a-9d08-01dbc1a74409_ITS_1	NR_103605.1	91.860	602	33	14	1	592	1	596	0.0	826	595	596	553
0ae9356b-1fb1-473a-9d08-01dbc1a74409_ITS_1	NR_119501.1	93.206	574	20	16	14	581	1	561	0.0	826	595	561	535
0ae9356b-1fb1-473a-9d08-01dbc1a74409_ITS_1	NR_153221.1	92.784	582	23	16	20	595	1	569	0.0	824	595	609	540
0ae9356b-1fb1-473a-9d08-01dbc1a74409_ITS_1	NR_138263.1	92.771	581	25	15	20	595	1	569	0.0	824	595	609	539
0ae9356b-1fb1-473a-9d08-01dbc1a74409_ITS_1	NR_145175.1	92.784	582	23	16	20	595	1	569	0.0	824	595	609	540
0ae9356b-1fb1-473a-9d08-01dbc1a74409_ITS_1	NR_177502.1	91.901	605	25	20	1	595	104	694	0.0	824	595	734	556
0ae9356b-1fb1-473a-9d08-01dbc1a74409_ITS_1	NR_135382.1	93.158	570	22	15	32	595	1	559	0.0	821	595	599	531
0ae9356b-1fb1-473a-9d08-01dbc1a74409_ITS_1	NR_135383.1	93.158	570	22	15	32	595	1	559	0.0	821	595	599	531
0ae9356b-1fb1-473a-9d08-01dbc1a74409_ITS_1	NR_077149.1	91.736	605	28	19	1	595	1	593	0.0	821	595	617	555
0ae9356b-1fb1-473a-9d08-01dbc1a74409_ITS_1	NR_198039.1	91.973	598	29	16	1	592	71	655	0.0	821	595	655	550
0ae9356b-1fb1-473a-9d08-01dbc1a74409_ITS_1	NR_135345.1	93.274	565	23	15	32	592	1	554	0.0	819	595	597	527
0ae9356b-1fb1-473a-9d08-01dbc1a74409_ITS_1	NR_138339.1	92.586	580	27	15	21	595	1	569	0.0	819	595	609	537
0ae9356b-1fb1-473a-9d08-01dbc1a74409_ITS_1	NR_172046.1	92.321	586	30	15	21	595	1	582	0.0	819	595	622	541
0ae9356b-1fb1-473a-9d08-01dbc1a74409_ITS_1	NR_185789.1	92.491	586	22	17	1	581	71	639	0.0	819	595	639	542
0ae9356b-1fb1-473a-9d08-01dbc1a74409_ITS_1	NR_198141.1	92.599	581	26	15	1	576	3	571	0.0	819	595	571	538
0ae9356b-1fb1-473a-9d08-01dbc1a74409_ITS_1	NR_135384.1	92.995	571	22	16	32	595	1	560	0.0	817	595	600	531
0ae9356b-1fb1-473a-9d08-01dbc1a74409_ITS_1	NR_163675.1	91.833	600	28	19	1	595	88	671	0.0	817	595	711	551
0ae9356b-1fb1-473a-9d08-01dbc1a74409_ITS_1	NR_163678.1	91.820	599	30	16	1	595	69	652	0.0	817	595	692	550
0ae9356b-1fb1-473a-9d08-01dbc1a74409_ITS_1	NR_171585.1	91.820	599	30	17	1	595	1	584	0.0	817	595	584	550
0ae9356b-1fb1-473a-9d08-01dbc1a74409_ITS_1	NR_159627.1	91.584	606	28	18	1	595	81	674	0.0	815	595	714	555
0ae9356b-1fb1-473a-9d08-01dbc1a74409_ITS_1	NR_121202.1	92.414	580	31	13	20	595	1	571	0.0	815	595	611	536
0ae9356b-1fb1-473a-9d08-01dbc1a74409_ITS_1	NR_171586.1	91.833	600	25	19	1	595	1	581	0.0	815	595	581	551
0ae9356b-1fb1-473a-9d08-01dbc1a74409_ITS_1	NR_158823.1	91.667	600	30	17	1	595	2	586	0.0	813	595	586	550
0ae9356b-1fb1-473a-9d08-01dbc1a74409_ITS_1	NR_111817.1	91.681	601	29	19	1	595	1	586	0.0	813	595	586	551
0ae9356b-1fb1-473a-9d08-01dbc1a74409_ITS_1	NR_121231.1	92.414	580	28	14	20	595	1	568	0.0	813	595	608	536
