1c56b1a2-d8e7-4ad5-acc9-fbadd875f971_ITS_1	NR_121481.1	95.847	602	8	14	2	592	72	667	0.0	957	592	707	577
1c56b1a2-d8e7-4ad5-acc9-fbadd875f971_ITS_1	NR_138362.1	95.017	602	11	15	2	592	58	651	0.0	928	592	691	572
1c56b1a2-d8e7-4ad5-acc9-fbadd875f971_ITS_1	NR_171617.1	94.833	600	13	14	2	592	98	688	0.0	920	592	728	569
1c56b1a2-d8e7-4ad5-acc9-fbadd875f971_ITS_1	NR_137479.1	95.181	581	11	14	20	592	3	574	0.0	902	592	614	553
1c56b1a2-d8e7-4ad5-acc9-fbadd875f971_ITS_1	NR_135407.1	95.000	580	14	13	20	592	3	574	0.0	896	592	614	551
1c56b1a2-d8e7-4ad5-acc9-fbadd875f971_ITS_1	NR_137489.1	94.828	580	15	12	20	592	3	574	0.0	891	592	614	550
1c56b1a2-d8e7-4ad5-acc9-fbadd875f971_ITS_1	NR_138341.1	93.874	604	16	16	2	592	114	709	0.0	891	592	749	567
1c56b1a2-d8e7-4ad5-acc9-fbadd875f971_ITS_1	NR_135405.1	94.349	584	14	15	20	592	3	578	0.0	878	592	618	551
1c56b1a2-d8e7-4ad5-acc9-fbadd875f971_ITS_1	NR_135409.1	94.188	585	14	15	20	592	3	579	0.0	874	592	619	551
1c56b1a2-d8e7-4ad5-acc9-fbadd875f971_ITS_1	NR_172047.1	93.257	608	18	19	2	592	98	699	0.0	874	592	739	567
1c56b1a2-d8e7-4ad5-acc9-fbadd875f971_ITS_1	NR_135404.1	94.037	587	15	16	20	592	3	583	0.0	872	592	623	552
1c56b1a2-d8e7-4ad5-acc9-fbadd875f971_ITS_1	NR_137517.1	94.178	584	15	15	20	592	3	578	0.0	872	592	618	550
1c56b1a2-d8e7-4ad5-acc9-fbadd875f971_ITS_1	NR_137482.1	94.027	586	15	17	20	592	3	581	0.0	870	592	621	551
1c56b1a2-d8e7-4ad5-acc9-fbadd875f971_ITS_1	NR_151816.1	94.310	580	14	14	2	569	4	576	0.0	870	592	579	547
1c56b1a2-d8e7-4ad5-acc9-fbadd875f971_ITS_1	NR_171616.1	93.115	610	16	21	2	592	98	700	0.0	870	592	740	568
1c56b1a2-d8e7-4ad5-acc9-fbadd875f971_ITS_1	NR_172048.1	93.115	610	16	19	2	592	72	674	0.0	870	592	714	568
1c56b1a2-d8e7-4ad5-acc9-fbadd875f971_ITS_1	NR_171612.1	93.092	608	18	19	2	592	103	703	0.0	869	592	743	566
1c56b1a2-d8e7-4ad5-acc9-fbadd875f971_ITS_1	NR_172044.1	92.951	610	17	21	2	592	17	619	0.0	865	592	620	567
1c56b1a2-d8e7-4ad5-acc9-fbadd875f971_ITS_1	NR_135406.1	93.686	586	17	16	20	592	3	581	0.0	859	592	621	549
1c56b1a2-d8e7-4ad5-acc9-fbadd875f971_ITS_1	NR_137443.1	94.964	556	14	11	20	569	3	550	0.0	859	592	553	528
1c56b1a2-d8e7-4ad5-acc9-fbadd875f971_ITS_1	NR_135408.1	93.686	586	16	17	20	592	3	580	0.0	857	592	620	549
1c56b1a2-d8e7-4ad5-acc9-fbadd875f971_ITS_1	NR_137488.1	93.537	588	16	18	20	592	3	583	0.0	856	592	623	550
1c56b1a2-d8e7-4ad5-acc9-fbadd875f971_ITS_1	NR_191334.1	93.804	581	16	15	2	569	72	645	0.0	856	592	648	545
1c56b1a2-d8e7-4ad5-acc9-fbadd875f971_ITS_1	NR_151815.1	93.675	585	14	17	2	569	4	582	0.0	854	592	585	548
1c56b1a2-d8e7-4ad5-acc9-fbadd875f971_ITS_1	NR_137483.1	93.379	589	17	17	20	592	3	585	0.0	852	592	625	550
1c56b1a2-d8e7-4ad5-acc9-fbadd875f971_ITS_1	NR_169980.1	92.611	609	20	21	2	592	98	699	0.0	852	592	739	564
1c56b1a2-d8e7-4ad5-acc9-fbadd875f971_ITS_1	NR_137485.1	93.379	589	16	18	20	592	3	584	0.0	850	592	624	550
1c56b1a2-d8e7-4ad5-acc9-fbadd875f971_ITS_1	NR_137486.1	93.220	590	16	20	20	592	3	585	0.0	846	592	625	550
1c56b1a2-d8e7-4ad5-acc9-fbadd875f971_ITS_1	NR_171618.1	92.434	608	23	17	2	592	98	699	0.0	846	592	739	562
1c56b1a2-d8e7-4ad5-acc9-fbadd875f971_ITS_1	NR_135437.1	93.471	582	17	16	27	592	3	579	0.0	845	592	619	544
1c56b1a2-d8e7-4ad5-acc9-fbadd875f971_ITS_1	NR_137490.1	93.209	589	17	18	20	592	3	584	0.0	845	592	624	549
1c56b1a2-d8e7-4ad5-acc9-fbadd875f971_ITS_1	NR_137480.1	93.186	587	18	18	20	592	3	581	0.0	843	592	621	547
1c56b1a2-d8e7-4ad5-acc9-fbadd875f971_ITS_1	NR_135412.1	93.015	587	21	19	20	592	3	583	0.0	839	592	623	546
1c56b1a2-d8e7-4ad5-acc9-fbadd875f971_ITS_1	NR_137481.1	92.991	585	23	14	20	592	3	581	0.0	837	592	621	544
1c56b1a2-d8e7-4ad5-acc9-fbadd875f971_ITS_1	NR_137484.1	92.881	590	19	19	20	592	3	586	0.0	835	592	626	548
1c56b1a2-d8e7-4ad5-acc9-fbadd875f971_ITS_1	NR_172366.1	93.794	564	15	15	20	569	3	560	0.0	830	592	563	529
1c56b1a2-d8e7-4ad5-acc9-fbadd875f971_ITS_1	NR_121482.1	91.928	607	25	21	2	592	72	670	0.0	828	592	710	558
1c56b1a2-d8e7-4ad5-acc9-fbadd875f971_ITS_1	NR_171609.1	91.749	606	28	20	2	592	103	701	0.0	822	592	741	556
1c56b1a2-d8e7-4ad5-acc9-fbadd875f971_ITS_1	NR_136948.1	95.890	511	10	9	30	535	1	505	0.0	817	592	505	490
1c56b1a2-d8e7-4ad5-acc9-fbadd875f971_ITS_1	NR_137515.1	93.967	547	14	15	60	592	1	542	0.0	809	592	582	514
1c56b1a2-d8e7-4ad5-acc9-fbadd875f971_ITS_1	NR_135410.1	92.007	588	26	20	20	592	3	584	0.0	806	592	624	541
1c56b1a2-d8e7-4ad5-acc9-fbadd875f971_ITS_1	NR_151782.1	93.514	555	15	17	54	592	1	550	0.0	806	592	590	519
1c56b1a2-d8e7-4ad5-acc9-fbadd875f971_ITS_1	NR_135411.1	91.837	588	27	20	20	592	3	584	0.0	800	592	624	540
1c56b1a2-d8e7-4ad5-acc9-fbadd875f971_ITS_1	NR_137516.1	93.601	547	16	15	60	592	1	542	0.0	798	592	582	512
1c56b1a2-d8e7-4ad5-acc9-fbadd875f971_ITS_1	NR_135403.1	91.667	588	28	20	20	592	3	584	0.0	795	592	624	539
1c56b1a2-d8e7-4ad5-acc9-fbadd875f971_ITS_1	NR_135436.1	93.443	549	15	17	60	592	1	544	0.0	795	592	584	513
1c56b1a2-d8e7-4ad5-acc9-fbadd875f971_ITS_1	NR_135438.1	93.153	555	17	16	54	592	1	550	0.0	795	592	590	517
1c56b1a2-d8e7-4ad5-acc9-fbadd875f971_ITS_1	NR_137442.1	94.951	515	12	11	30	535	1	510	0.0	795	592	510	489
1c56b1a2-d8e7-4ad5-acc9-fbadd875f971_ITS_1	NR_137514.1	93.443	549	15	15	60	592	1	544	0.0	795	592	584	513
1c56b1a2-d8e7-4ad5-acc9-fbadd875f971_ITS_1	NR_160194.1	93.797	532	14	16	23	541	2	527	0.0	782	592	527	499
1c56b1a2-d8e7-4ad5-acc9-fbadd875f971_ITS_1	NR_151792.1	90.547	603	31	21	2	592	88	676	0.0	774	592	716	546
1c56b1a2-d8e7-4ad5-acc9-fbadd875f971_ITS_1	NR_190236.1	92.294	558	21	17	43	584	1	552	0.0	773	592	552	515
1c56b1a2-d8e7-4ad5-acc9-fbadd875f971_ITS_1	NR_131310.1	94.038	520	12	15	30	535	1	515	0.0	771	592	515	489
1c56b1a2-d8e7-4ad5-acc9-fbadd875f971_ITS_1	NR_158821.1	90.468	598	34	20	2	592	2	583	0.0	767	592	583	541
1c56b1a2-d8e7-4ad5-acc9-fbadd875f971_ITS_1	NR_137518.1	91.607	560	27	19	46	592	1	553	0.0	756	592	553	513
1c56b1a2-d8e7-4ad5-acc9-fbadd875f971_ITS_1	NR_159605.1	89.884	603	40	19	2	592	119	712	0.0	756	592	752	542
1c56b1a2-d8e7-4ad5-acc9-fbadd875f971_ITS_1	NR_077152.1	90.017	601	37	21	2	592	2	589	0.0	756	592	613	541
1c56b1a2-d8e7-4ad5-acc9-fbadd875f971_ITS_1	NR_153225.1	90.722	582	30	22	20	592	3	569	0.0	754	592	609	528
1c56b1a2-d8e7-4ad5-acc9-fbadd875f971_ITS_1	NR_153244.1	90.722	582	30	22	20	592	3	569	0.0	754	592	609	528
1c56b1a2-d8e7-4ad5-acc9-fbadd875f971_ITS_1	NR_145178.1	90.706	581	32	21	20	592	3	569	0.0	754	592	609	527
1c56b1a2-d8e7-4ad5-acc9-fbadd875f971_ITS_1	NR_158820.1	90.000	600	37	20	2	592	2	587	0.0	754	592	587	540
1c56b1a2-d8e7-4ad5-acc9-fbadd875f971_ITS_1	NR_158825.1	90.000	600	37	19	2	592	2	587	0.0	754	592	587	540
1c56b1a2-d8e7-4ad5-acc9-fbadd875f971_ITS_1	NR_135345.1	91.166	566	31	19	31	589	1	554	0.0	750	592	597	516
1c56b1a2-d8e7-4ad5-acc9-fbadd875f971_ITS_1	NR_144845.1	90.000	600	33	24	2	592	60	641	0.0	750	592	681	540
1c56b1a2-d8e7-4ad5-acc9-fbadd875f971_ITS_1	NR_153223.1	90.550	582	31	22	20	592	3	569	0.0	749	592	609	527
1c56b1a2-d8e7-4ad5-acc9-fbadd875f971_ITS_1	NR_145176.1	90.550	582	31	22	20	592	3	569	0.0	749	592	609	527
1c56b1a2-d8e7-4ad5-acc9-fbadd875f971_ITS_1	NR_145177.1	90.566	583	30	23	20	592	3	570	0.0	749	592	610	528
1c56b1a2-d8e7-4ad5-acc9-fbadd875f971_ITS_1	NR_153220.1	90.501	579	36	18	20	592	3	568	0.0	747	592	608	524
1c56b1a2-d8e7-4ad5-acc9-fbadd875f971_ITS_1	NR_153222.1	90.378	582	32	22	20	592	3	569	0.0	743	592	609	526
1c56b1a2-d8e7-4ad5-acc9-fbadd875f971_ITS_1	NR_138263.1	90.345	580	36	18	20	592	3	569	0.0	743	592	609	524
1c56b1a2-d8e7-4ad5-acc9-fbadd875f971_ITS_1	NR_135382.1	90.734	572	30	19	31	592	1	559	0.0	741	592	599	519
1c56b1a2-d8e7-4ad5-acc9-fbadd875f971_ITS_1	NR_135383.1	90.734	572	30	19	31	592	1	559	0.0	741	592	599	519
1c56b1a2-d8e7-4ad5-acc9-fbadd875f971_ITS_1	NR_172032.1	89.517	601	40	19	2	592	2	589	0.0	739	592	589	538
1c56b1a2-d8e7-4ad5-acc9-fbadd875f971_ITS_1	NR_135384.1	90.576	573	30	20	31	592	1	560	0.0	737	592	600	519
1c56b1a2-d8e7-4ad5-acc9-fbadd875f971_ITS_1	NR_153221.1	90.206	582	33	22	20	592	3	569	0.0	737	592	609	525
1c56b1a2-d8e7-4ad5-acc9-fbadd875f971_ITS_1	NR_138339.1	90.172	580	38	17	20	592	2	569	0.0	737	592	609	523
1c56b1a2-d8e7-4ad5-acc9-fbadd875f971_ITS_1	NR_145175.1	90.206	582	33	22	20	592	3	569	0.0	737	592	609	525
1c56b1a2-d8e7-4ad5-acc9-fbadd875f971_ITS_1	NR_169981.1	89.552	603	33	24	2	592	115	699	0.0	737	592	739	540
1c56b1a2-d8e7-4ad5-acc9-fbadd875f971_ITS_1	NR_146250.1	89.482	599	40	19	4	592	1	586	0.0	736	592	587	536
1c56b1a2-d8e7-4ad5-acc9-fbadd875f971_ITS_1	NR_138306.1	89.500	600	38	21	2	592	105	688	0.0	736	592	728	537
1c56b1a2-d8e7-4ad5-acc9-fbadd875f971_ITS_1	NR_158822.1	89.351	601	39	20	2	592	3	588	0.0	732	592	588	537
1c56b1a2-d8e7-4ad5-acc9-fbadd875f971_ITS_1	NR_103657.2	89.482	599	35	24	2	592	68	646	0.0	732	592	686	536
1c56b1a2-d8e7-4ad5-acc9-fbadd875f971_ITS_1	NR_171586.1	89.482	599	36	23	2	592	2	581	0.0	732	592	581	536
1c56b1a2-d8e7-4ad5-acc9-fbadd875f971_ITS_1	NR_163675.1	89.333	600	38	23	2	592	89	671	0.0	730	592	711	536
1c56b1a2-d8e7-4ad5-acc9-fbadd875f971_ITS_1	NR_163678.1	89.316	599	40	21	2	592	70	652	0.0	730	592	692	535
1c56b1a2-d8e7-4ad5-acc9-fbadd875f971_ITS_1	NR_171585.1	89.316	599	40	21	2	592	2	584	0.0	730	592	584	535
1c56b1a2-d8e7-4ad5-acc9-fbadd875f971_ITS_1	NR_198141.1	90.121	577	36	18	2	569	4	568	0.0	730	592	571	520
1c56b1a2-d8e7-4ad5-acc9-fbadd875f971_ITS_1	NR_151822.1	89.643	589	38	22	14	592	1	576	0.0	728	592	616	528
1c56b1a2-d8e7-4ad5-acc9-fbadd875f971_ITS_1	NR_119501.1	90.385	572	29	22	14	573	1	558	0.0	728	592	561	517
1c56b1a2-d8e7-4ad5-acc9-fbadd875f971_ITS_1	NR_121240.1	90.034	582	30	25	20	592	3	565	0.0	728	592	605	524
1c56b1a2-d8e7-4ad5-acc9-fbadd875f971_ITS_1	NR_171587.1	89.149	599	45	18	2	592	2	588	0.0	728	592	588	534
1c56b1a2-d8e7-4ad5-acc9-fbadd875f971_ITS_1	NR_185789.1	90.034	582	31	23	2	573	72	636	0.0	728	592	639	524
1c56b1a2-d8e7-4ad5-acc9-fbadd875f971_ITS_1	NR_198039.1	89.316	599	38	23	2	589	72	655	0.0	728	592	655	535
1c56b1a2-d8e7-4ad5-acc9-fbadd875f971_ITS_1	NR_137850.1	90.121	577	31	23	20	592	3	557	0.0	726	592	597	520
1c56b1a2-d8e7-4ad5-acc9-fbadd875f971_ITS_1	NR_137734.1	89.351	601	33	27	2	592	72	651	0.0	726	592	691	537
1c56b1a2-d8e7-4ad5-acc9-fbadd875f971_ITS_1	NR_111817.1	89.185	601	39	24	2	592	2	586	0.0	726	592	586	536
1c56b1a2-d8e7-4ad5-acc9-fbadd875f971_ITS_1	NR_138277.1	90.317	568	34	18	32	592	2	555	0.0	725	592	595	513
1c56b1a2-d8e7-4ad5-acc9-fbadd875f971_ITS_1	NR_077155.1	89.149	599	41	21	2	592	2	584	0.0	725	592	608	534
1c56b1a2-d8e7-4ad5-acc9-fbadd875f971_ITS_1	NR_121229.1	89.845	581	36	22	20	592	3	568	0.0	725	592	608	522
1c56b1a2-d8e7-4ad5-acc9-fbadd875f971_ITS_1	NR_121231.1	89.828	580	38	20	20	592	3	568	0.0	725	592	608	521
