248137f9-26ca-4b30-9822-f01fec092933_ITS_1	NR_121481.1	98.829	598	0	4	1	592	71	667	0.0	1059	592	707	591
248137f9-26ca-4b30-9822-f01fec092933_ITS_1	NR_138362.1	97.993	598	3	5	1	592	57	651	0.0	1029	592	691	586
248137f9-26ca-4b30-9822-f01fec092933_ITS_1	NR_171617.1	97.324	598	4	8	1	592	97	688	0.0	1005	592	728	582
248137f9-26ca-4b30-9822-f01fec092933_ITS_1	NR_138341.1	96.667	600	9	7	1	592	113	709	0.0	987	592	749	580
248137f9-26ca-4b30-9822-f01fec092933_ITS_1	NR_137479.1	97.582	579	3	7	20	592	1	574	0.0	981	592	614	565
248137f9-26ca-4b30-9822-f01fec092933_ITS_1	NR_171616.1	96.040	606	8	11	1	592	97	700	0.0	972	592	740	582
248137f9-26ca-4b30-9822-f01fec092933_ITS_1	NR_135407.1	97.237	579	5	8	20	592	1	574	0.0	970	592	614	563
248137f9-26ca-4b30-9822-f01fec092933_ITS_1	NR_172047.1	96.026	604	11	9	1	592	97	699	0.0	970	592	739	580
248137f9-26ca-4b30-9822-f01fec092933_ITS_1	NR_172044.1	95.875	606	9	11	1	592	16	619	0.0	966	592	620	581
248137f9-26ca-4b30-9822-f01fec092933_ITS_1	NR_172048.1	95.875	606	9	10	1	592	71	674	0.0	966	592	714	581
248137f9-26ca-4b30-9822-f01fec092933_ITS_1	NR_137489.1	97.064	579	6	7	20	592	1	574	0.0	965	592	614	562
248137f9-26ca-4b30-9822-f01fec092933_ITS_1	NR_171612.1	95.861	604	11	10	1	592	102	703	0.0	965	592	743	579
248137f9-26ca-4b30-9822-f01fec092933_ITS_1	NR_135405.1	96.902	581	7	7	20	592	1	578	0.0	963	592	618	563
248137f9-26ca-4b30-9822-f01fec092933_ITS_1	NR_151816.1	96.897	580	8	6	1	573	3	579	0.0	963	592	579	562
248137f9-26ca-4b30-9822-f01fec092933_ITS_1	NR_135409.1	96.735	582	7	8	20	592	1	579	0.0	959	592	619	563
248137f9-26ca-4b30-9822-f01fec092933_ITS_1	NR_135404.1	96.575	584	8	8	20	592	1	583	0.0	957	592	623	564
248137f9-26ca-4b30-9822-f01fec092933_ITS_1	NR_137517.1	96.730	581	8	7	20	592	1	578	0.0	957	592	618	562
248137f9-26ca-4b30-9822-f01fec092933_ITS_1	NR_137482.1	96.569	583	8	9	20	592	1	581	0.0	955	592	621	563
248137f9-26ca-4b30-9822-f01fec092933_ITS_1	NR_151815.1	96.239	585	8	9	1	573	3	585	0.0	946	592	585	563
248137f9-26ca-4b30-9822-f01fec092933_ITS_1	NR_191334.1	96.386	581	10	7	1	573	71	648	0.0	946	592	648	560
248137f9-26ca-4b30-9822-f01fec092933_ITS_1	NR_135406.1	96.226	583	10	8	20	592	1	581	0.0	944	592	621	561
248137f9-26ca-4b30-9822-f01fec092933_ITS_1	NR_135408.1	96.226	583	9	9	20	592	1	580	0.0	942	592	620	561
248137f9-26ca-4b30-9822-f01fec092933_ITS_1	NR_169980.1	95.207	605	14	11	1	592	97	699	0.0	942	592	739	576
248137f9-26ca-4b30-9822-f01fec092933_ITS_1	NR_171618.1	95.199	604	16	9	1	592	97	699	0.0	942	592	739	575
248137f9-26ca-4b30-9822-f01fec092933_ITS_1	NR_137488.1	96.068	585	9	10	20	592	1	583	0.0	941	592	623	562
248137f9-26ca-4b30-9822-f01fec092933_ITS_1	NR_137483.1	95.904	586	10	9	20	592	1	585	0.0	937	592	625	562
248137f9-26ca-4b30-9822-f01fec092933_ITS_1	NR_137486.1	95.911	587	8	11	20	592	1	585	0.0	937	592	625	563
248137f9-26ca-4b30-9822-f01fec092933_ITS_1	NR_137485.1	95.904	586	9	10	20	592	1	584	0.0	935	592	624	562
248137f9-26ca-4b30-9822-f01fec092933_ITS_1	NR_135412.1	95.719	584	13	10	20	592	1	583	0.0	929	592	623	559
248137f9-26ca-4b30-9822-f01fec092933_ITS_1	NR_137490.1	95.734	586	10	10	20	592	1	584	0.0	929	592	624	561
248137f9-26ca-4b30-9822-f01fec092933_ITS_1	NR_137443.1	96.959	559	6	7	20	573	1	553	0.0	928	592	553	542
248137f9-26ca-4b30-9822-f01fec092933_ITS_1	NR_137480.1	95.719	584	11	10	20	592	1	581	0.0	928	592	621	559
248137f9-26ca-4b30-9822-f01fec092933_ITS_1	NR_121482.1	94.693	603	18	12	1	592	71	670	0.0	924	592	710	571
248137f9-26ca-4b30-9822-f01fec092933_ITS_1	NR_137481.1	95.533	582	16	6	20	592	1	581	0.0	922	592	621	556
248137f9-26ca-4b30-9822-f01fec092933_ITS_1	NR_135437.1	95.690	580	11	9	26	592	1	579	0.0	920	592	619	555
248137f9-26ca-4b30-9822-f01fec092933_ITS_1	NR_137484.1	95.400	587	12	11	20	592	1	586	0.0	920	592	626	560
248137f9-26ca-4b30-9822-f01fec092933_ITS_1	NR_171609.1	94.518	602	21	10	1	592	102	701	0.0	918	592	741	569
248137f9-26ca-4b30-9822-f01fec092933_ITS_1	NR_172366.1	96.106	565	9	8	20	573	1	563	0.0	909	592	563	543
248137f9-26ca-4b30-9822-f01fec092933_ITS_1	NR_135410.1	94.530	585	19	11	20	592	1	584	0.0	891	592	624	553
248137f9-26ca-4b30-9822-f01fec092933_ITS_1	NR_135411.1	94.359	585	20	11	20	592	1	584	0.0	885	592	624	552
248137f9-26ca-4b30-9822-f01fec092933_ITS_1	NR_137515.1	96.317	543	8	8	61	592	1	542	0.0	881	592	582	523
248137f9-26ca-4b30-9822-f01fec092933_ITS_1	NR_135403.1	94.188	585	21	11	20	592	1	584	0.0	880	592	624	551
248137f9-26ca-4b30-9822-f01fec092933_ITS_1	NR_151782.1	95.826	551	9	10	55	592	1	550	0.0	878	592	590	528
248137f9-26ca-4b30-9822-f01fec092933_ITS_1	NR_137516.1	95.948	543	10	8	61	592	1	542	0.0	870	592	582	521
248137f9-26ca-4b30-9822-f01fec092933_ITS_1	NR_135436.1	95.780	545	9	10	61	592	1	544	0.0	867	592	584	522
248137f9-26ca-4b30-9822-f01fec092933_ITS_1	NR_135438.1	95.463	551	11	9	55	592	1	550	0.0	867	592	590	526
248137f9-26ca-4b30-9822-f01fec092933_ITS_1	NR_137514.1	95.780	545	9	8	61	592	1	544	0.0	867	592	584	522
248137f9-26ca-4b30-9822-f01fec092933_ITS_1	NR_151792.1	93.000	600	24	13	1	592	87	676	0.0	859	592	716	558
248137f9-26ca-4b30-9822-f01fec092933_ITS_1	NR_136948.1	97.255	510	4	7	31	535	1	505	0.0	856	592	505	496
248137f9-26ca-4b30-9822-f01fec092933_ITS_1	NR_190236.1	94.937	553	14	8	44	584	1	551	0.0	854	592	552	525
248137f9-26ca-4b30-9822-f01fec092933_ITS_1	NR_159605.1	92.654	599	33	9	1	592	118	712	0.0	852	592	752	555
248137f9-26ca-4b30-9822-f01fec092933_ITS_1	NR_137442.1	96.680	512	8	6	31	535	1	510	0.0	843	592	510	495
248137f9-26ca-4b30-9822-f01fec092933_ITS_1	NR_158821.1	92.642	598	23	18	1	592	1	583	0.0	841	592	583	554
248137f9-26ca-4b30-9822-f01fec092933_ITS_1	NR_077152.1	92.487	599	28	15	1	592	1	589	0.0	841	592	613	554
248137f9-26ca-4b30-9822-f01fec092933_ITS_1	NR_158820.1	92.475	598	28	14	1	592	1	587	0.0	839	592	587	553
248137f9-26ca-4b30-9822-f01fec092933_ITS_1	NR_158825.1	92.475	598	28	15	1	592	1	587	0.0	839	592	587	553
248137f9-26ca-4b30-9822-f01fec092933_ITS_1	NR_160194.1	95.652	529	10	10	24	541	1	527	0.0	837	592	527	506
248137f9-26ca-4b30-9822-f01fec092933_ITS_1	NR_144845.1	92.308	598	25	18	1	592	59	641	0.0	830	592	681	552
248137f9-26ca-4b30-9822-f01fec092933_ITS_1	NR_172032.1	92.154	599	30	15	1	592	1	589	0.0	830	592	589	552
248137f9-26ca-4b30-9822-f01fec092933_ITS_1	NR_153225.1	92.943	581	21	17	20	592	1	569	0.0	828	592	609	540
248137f9-26ca-4b30-9822-f01fec092933_ITS_1	NR_153244.1	92.943	581	21	17	20	592	1	569	0.0	828	592	609	540
248137f9-26ca-4b30-9822-f01fec092933_ITS_1	NR_145178.1	92.931	580	23	16	20	592	1	569	0.0	828	592	609	539
248137f9-26ca-4b30-9822-f01fec092933_ITS_1	NR_169981.1	92.180	601	23	20	1	592	114	699	0.0	828	592	739	554
248137f9-26ca-4b30-9822-f01fec092933_ITS_1	NR_137518.1	93.885	556	21	11	47	592	1	553	0.0	826	592	553	522
248137f9-26ca-4b30-9822-f01fec092933_ITS_1	NR_146250.1	92.114	596	30	15	4	592	1	586	0.0	824	592	587	549
248137f9-26ca-4b30-9822-f01fec092933_ITS_1	NR_171587.1	91.960	597	34	13	1	592	1	588	0.0	824	592	588	549
248137f9-26ca-4b30-9822-f01fec092933_ITS_1	NR_153223.1	92.771	581	22	17	20	592	1	569	0.0	822	592	609	539
248137f9-26ca-4b30-9822-f01fec092933_ITS_1	NR_138263.1	92.746	579	26	15	20	592	1	569	0.0	822	592	609	537
248137f9-26ca-4b30-9822-f01fec092933_ITS_1	NR_145176.1	92.771	581	22	17	20	592	1	569	0.0	822	592	609	539
248137f9-26ca-4b30-9822-f01fec092933_ITS_1	NR_145177.1	92.784	582	21	18	20	592	1	570	0.0	822	592	610	540
248137f9-26ca-4b30-9822-f01fec092933_ITS_1	NR_131310.1	95.745	517	8	10	31	535	1	515	0.0	821	592	515	495
248137f9-26ca-4b30-9822-f01fec092933_ITS_1	NR_138306.1	91.973	598	29	16	1	592	104	688	0.0	821	592	728	550
248137f9-26ca-4b30-9822-f01fec092933_ITS_1	NR_159627.1	91.708	603	30	17	1	592	81	674	0.0	819	592	714	553
248137f9-26ca-4b30-9822-f01fec092933_ITS_1	NR_153222.1	92.599	581	23	17	20	592	1	569	0.0	817	592	609	538
248137f9-26ca-4b30-9822-f01fec092933_ITS_1	NR_151822.1	92.321	586	28	15	14	592	1	576	0.0	817	592	616	541
248137f9-26ca-4b30-9822-f01fec092933_ITS_1	NR_158822.1	91.820	599	30	16	1	592	2	588	0.0	817	592	588	550
248137f9-26ca-4b30-9822-f01fec092933_ITS_1	NR_153220.1	92.561	578	28	13	20	592	1	568	0.0	815	592	608	535
248137f9-26ca-4b30-9822-f01fec092933_ITS_1	NR_138339.1	92.561	578	28	13	21	592	1	569	0.0	815	592	609	535
248137f9-26ca-4b30-9822-f01fec092933_ITS_1	NR_119501.1	92.832	572	23	16	14	578	1	561	0.0	813	592	561	531
248137f9-26ca-4b30-9822-f01fec092933_ITS_1	NR_135345.1	93.097	565	21	16	32	589	1	554	0.0	811	592	597	526
248137f9-26ca-4b30-9822-f01fec092933_ITS_1	NR_153221.1	92.427	581	24	17	20	592	1	569	0.0	811	592	609	537
248137f9-26ca-4b30-9822-f01fec092933_ITS_1	NR_145175.1	92.427	581	24	17	20	592	1	569	0.0	811	592	609	537
248137f9-26ca-4b30-9822-f01fec092933_ITS_1	NR_111817.1	91.653	599	30	19	1	592	1	586	0.0	811	592	586	549
248137f9-26ca-4b30-9822-f01fec092933_ITS_1	NR_198141.1	92.388	578	30	13	1	573	3	571	0.0	811	592	571	534
248137f9-26ca-4b30-9822-f01fec092933_ITS_1	NR_121231.1	92.388	578	29	14	20	592	1	568	0.0	809	592	608	534
248137f9-26ca-4b30-9822-f01fec092933_ITS_1	NR_163675.1	91.639	598	30	18	1	592	88	671	0.0	809	592	711	548
248137f9-26ca-4b30-9822-f01fec092933_ITS_1	NR_163678.1	91.625	597	32	16	1	592	69	652	0.0	809	592	692	547
248137f9-26ca-4b30-9822-f01fec092933_ITS_1	NR_171585.1	91.625	597	32	16	1	592	1	584	0.0	809	592	584	547
248137f9-26ca-4b30-9822-f01fec092933_ITS_1	NR_185789.1	92.295	584	24	17	1	578	71	639	0.0	809	592	639	539
248137f9-26ca-4b30-9822-f01fec092933_ITS_1	NR_198039.1	91.625	597	30	17	1	589	71	655	0.0	808	592	655	547
248137f9-26ca-4b30-9822-f01fec092933_ITS_1	NR_137734.1	91.639	598	27	18	1	592	71	651	0.0	806	592	691	548
248137f9-26ca-4b30-9822-f01fec092933_ITS_1	NR_138338.1	92.215	578	31	12	21	592	1	570	0.0	806	592	610	533
248137f9-26ca-4b30-9822-f01fec092933_ITS_1	NR_103605.1	91.376	603	31	17	1	589	1	596	0.0	806	592	596	551
248137f9-26ca-4b30-9822-f01fec092933_ITS_1	NR_172046.1	91.980	586	29	15	21	592	1	582	0.0	806	592	622	539
248137f9-26ca-4b30-9822-f01fec092933_ITS_1	NR_138308.1	91.486	599	30	19	1	592	1	585	0.0	804	592	585	548
248137f9-26ca-4b30-9822-f01fec092933_ITS_1	NR_156585.1	92.268	582	21	19	20	592	1	567	0.0	804	592	607	537
248137f9-26ca-4b30-9822-f01fec092933_ITS_1	NR_077145.1	91.486	599	30	19	1	592	1	585	0.0	804	592	585	548
248137f9-26ca-4b30-9822-f01fec092933_ITS_1	NR_077155.1	91.457	597	33	17	1	592	1	584	0.0	804	592	608	546
248137f9-26ca-4b30-9822-f01fec092933_ITS_1	NR_111814.1	91.486	599	30	19	1	592	1	585	0.0	804	592	585	548
248137f9-26ca-4b30-9822-f01fec092933_ITS_1	NR_111816.1	91.472	598	32	17	1	592	1	585	0.0	804	592	585	547
