2aa3bc53-6e35-4f1a-960f-a52846067d61_ITS_1	NR_121481.1	90.132	608	26	22	1	585	71	667	0.0	760	585	707	548
2aa3bc53-6e35-4f1a-960f-a52846067d61_ITS_1	NR_138362.1	89.309	608	29	23	1	585	57	651	0.0	730	585	691	543
2aa3bc53-6e35-4f1a-960f-a52846067d61_ITS_1	NR_171617.1	89.091	605	33	24	1	585	97	688	0.0	721	585	728	539
2aa3bc53-6e35-4f1a-960f-a52846067d61_ITS_1	NR_137479.1	89.626	588	25	23	20	585	1	574	0.0	715	585	614	527
2aa3bc53-6e35-4f1a-960f-a52846067d61_ITS_1	NR_135407.1	89.590	586	29	24	20	585	1	574	0.0	715	585	614	525
2aa3bc53-6e35-4f1a-960f-a52846067d61_ITS_1	NR_151816.1	89.194	583	33	20	1	564	3	574	0.0	701	585	579	520
2aa3bc53-6e35-4f1a-960f-a52846067d61_ITS_1	NR_137489.1	89.097	587	30	25	20	585	1	574	0.0	699	585	614	523
2aa3bc53-6e35-4f1a-960f-a52846067d61_ITS_1	NR_138341.1	88.342	609	35	22	1	585	113	709	0.0	699	585	749	538
2aa3bc53-6e35-4f1a-960f-a52846067d61_ITS_1	NR_135405.1	88.983	590	29	22	20	585	1	578	0.0	697	585	618	525
2aa3bc53-6e35-4f1a-960f-a52846067d61_ITS_1	NR_137443.1	89.821	560	30	22	20	564	1	548	0.0	693	585	553	503
2aa3bc53-6e35-4f1a-960f-a52846067d61_ITS_1	NR_135409.1	88.832	591	29	24	20	585	1	579	0.0	691	585	619	525
2aa3bc53-6e35-4f1a-960f-a52846067d61_ITS_1	NR_137517.1	88.814	590	30	22	20	585	1	578	0.0	691	585	618	524
2aa3bc53-6e35-4f1a-960f-a52846067d61_ITS_1	NR_137482.1	88.682	592	30	25	20	585	1	581	0.0	688	585	621	525
2aa3bc53-6e35-4f1a-960f-a52846067d61_ITS_1	NR_135404.1	88.552	594	29	26	20	585	1	583	0.0	684	585	623	526
2aa3bc53-6e35-4f1a-960f-a52846067d61_ITS_1	NR_151815.1	88.455	589	32	26	1	564	3	580	0.0	678	585	585	521
2aa3bc53-6e35-4f1a-960f-a52846067d61_ITS_1	NR_191334.1	88.527	584	36	21	1	564	71	643	0.0	678	585	648	517
2aa3bc53-6e35-4f1a-960f-a52846067d61_ITS_1	NR_135408.1	88.345	592	31	25	20	585	1	580	0.0	676	585	620	523
2aa3bc53-6e35-4f1a-960f-a52846067d61_ITS_1	NR_137488.1	88.215	594	31	26	20	585	1	583	0.0	673	585	623	524
2aa3bc53-6e35-4f1a-960f-a52846067d61_ITS_1	NR_135406.1	88.196	593	31	26	20	585	1	581	0.0	671	585	621	523
2aa3bc53-6e35-4f1a-960f-a52846067d61_ITS_1	NR_171616.1	87.500	616	34	29	1	585	97	700	0.0	671	585	740	539
2aa3bc53-6e35-4f1a-960f-a52846067d61_ITS_1	NR_172047.1	87.500	616	33	31	1	585	97	699	0.0	671	585	739	539
2aa3bc53-6e35-4f1a-960f-a52846067d61_ITS_1	NR_172048.1	87.500	616	34	28	1	585	71	674	0.0	671	585	714	539
2aa3bc53-6e35-4f1a-960f-a52846067d61_ITS_1	NR_171612.1	87.459	614	36	29	1	585	102	703	0.0	669	585	743	537
2aa3bc53-6e35-4f1a-960f-a52846067d61_ITS_1	NR_137483.1	87.919	596	31	28	20	585	1	585	0.0	664	585	625	524
2aa3bc53-6e35-4f1a-960f-a52846067d61_ITS_1	NR_137485.1	87.919	596	30	28	20	585	1	584	0.0	664	585	624	524
2aa3bc53-6e35-4f1a-960f-a52846067d61_ITS_1	NR_172366.1	88.752	569	29	25	20	564	1	558	0.0	664	585	563	505
2aa3bc53-6e35-4f1a-960f-a52846067d61_ITS_1	NR_172044.1	87.966	590	34	27	1	564	16	594	0.0	662	585	620	519
2aa3bc53-6e35-4f1a-960f-a52846067d61_ITS_1	NR_137480.1	87.858	593	33	24	20	585	1	581	0.0	660	585	621	521
2aa3bc53-6e35-4f1a-960f-a52846067d61_ITS_1	NR_137486.1	87.772	597	30	29	20	585	1	585	0.0	658	585	625	524
2aa3bc53-6e35-4f1a-960f-a52846067d61_ITS_1	NR_137490.1	87.752	596	31	28	20	585	1	584	0.0	658	585	624	523
2aa3bc53-6e35-4f1a-960f-a52846067d61_ITS_1	NR_135412.1	87.710	594	34	26	20	585	1	583	0.0	656	585	623	521
2aa3bc53-6e35-4f1a-960f-a52846067d61_ITS_1	NR_137481.1	87.690	593	34	26	20	585	1	581	0.0	654	585	621	520
2aa3bc53-6e35-4f1a-960f-a52846067d61_ITS_1	NR_137487.1	87.521	593	36	26	20	585	1	582	0.0	651	585	622	519
2aa3bc53-6e35-4f1a-960f-a52846067d61_ITS_1	NR_169980.1	86.872	617	35	34	1	585	97	699	0.0	649	585	739	536
2aa3bc53-6e35-4f1a-960f-a52846067d61_ITS_1	NR_171618.1	86.851	616	37	30	1	585	97	699	0.0	649	585	739	535
2aa3bc53-6e35-4f1a-960f-a52846067d61_ITS_1	NR_137484.1	87.437	597	33	29	20	585	1	586	0.0	649	585	626	522
2aa3bc53-6e35-4f1a-960f-a52846067d61_ITS_1	NR_135437.1	87.627	590	32	28	26	585	1	579	0.0	647	585	619	517
2aa3bc53-6e35-4f1a-960f-a52846067d61_ITS_1	NR_121482.1	86.438	612	44	26	1	585	71	670	0.0	634	585	710	529
2aa3bc53-6e35-4f1a-960f-a52846067d61_ITS_1	NR_135410.1	86.847	593	42	26	20	585	1	584	0.0	630	585	624	515
2aa3bc53-6e35-4f1a-960f-a52846067d61_ITS_1	NR_136948.1	89.535	516	28	22	31	531	1	505	0.0	630	585	505	462
2aa3bc53-6e35-4f1a-960f-a52846067d61_ITS_1	NR_171609.1	86.252	611	47	27	1	585	102	701	2.72e-180	628	585	741	527
2aa3bc53-6e35-4f1a-960f-a52846067d61_ITS_1	NR_135411.1	86.678	593	43	26	20	585	1	584	3.52e-179	625	585	624	514
2aa3bc53-6e35-4f1a-960f-a52846067d61_ITS_1	NR_137515.1	88.065	553	29	24	59	585	1	542	4.56e-178	621	585	582	487
2aa3bc53-6e35-4f1a-960f-a52846067d61_ITS_1	NR_135403.1	86.509	593	44	26	20	585	1	584	1.64e-177	619	585	624	513
2aa3bc53-6e35-4f1a-960f-a52846067d61_ITS_1	NR_151782.1	87.701	561	30	27	53	585	1	550	5.90e-177	617	585	590	492
2aa3bc53-6e35-4f1a-960f-a52846067d61_ITS_1	NR_137442.1	88.846	520	29	20	31	531	1	510	2.74e-175	612	585	510	462
2aa3bc53-6e35-4f1a-960f-a52846067d61_ITS_1	NR_137516.1	87.703	553	31	24	59	585	1	542	9.87e-175	610	585	582	485
2aa3bc53-6e35-4f1a-960f-a52846067d61_ITS_1	NR_135436.1	87.568	555	30	27	59	585	1	544	1.28e-173	606	585	584	486
2aa3bc53-6e35-4f1a-960f-a52846067d61_ITS_1	NR_135438.1	87.344	561	32	26	53	585	1	550	1.28e-173	606	585	590	490
2aa3bc53-6e35-4f1a-960f-a52846067d61_ITS_1	NR_137514.1	87.568	555	30	24	59	585	1	544	1.28e-173	606	585	584	486
2aa3bc53-6e35-4f1a-960f-a52846067d61_ITS_1	NR_160194.1	88.082	537	31	23	24	537	1	527	1.28e-173	606	585	527	473
2aa3bc53-6e35-4f1a-960f-a52846067d61_ITS_1	NR_190236.1	87.386	547	32	27	43	564	1	535	9.94e-170	593	585	552	478
2aa3bc53-6e35-4f1a-960f-a52846067d61_ITS_1	NR_131310.1	87.833	526	28	28	31	531	1	515	5.98e-167	584	585	515	462
2aa3bc53-6e35-4f1a-960f-a52846067d61_ITS_1	NR_077152.1	85.008	607	51	29	1	585	1	589	7.74e-166	580	585	613	516
2aa3bc53-6e35-4f1a-960f-a52846067d61_ITS_1	NR_151822.1	85.185	594	48	29	14	585	1	576	1.29e-163	573	585	616	506
2aa3bc53-6e35-4f1a-960f-a52846067d61_ITS_1	NR_137518.1	85.968	563	43	26	47	585	3	553	1.67e-162	569	585	553	484
2aa3bc53-6e35-4f1a-960f-a52846067d61_ITS_1	NR_151792.1	84.754	610	48	31	1	585	87	676	1.67e-162	569	585	716	517
2aa3bc53-6e35-4f1a-960f-a52846067d61_ITS_1	NR_172046.1	85.017	594	48	29	21	585	1	582	2.17e-161	566	585	622	505
2aa3bc53-6e35-4f1a-960f-a52846067d61_ITS_1	NR_158821.1	84.653	606	49	35	1	585	1	583	7.79e-161	564	585	583	513
2aa3bc53-6e35-4f1a-960f-a52846067d61_ITS_1	NR_159605.1	84.452	611	53	31	1	585	118	712	7.79e-161	564	585	752	516
2aa3bc53-6e35-4f1a-960f-a52846067d61_ITS_1	NR_153222.1	85.059	589	45	33	20	585	1	569	1.01e-159	560	585	609	501
2aa3bc53-6e35-4f1a-960f-a52846067d61_ITS_1	NR_153225.1	85.085	590	43	34	20	585	1	569	1.01e-159	560	585	609	502
2aa3bc53-6e35-4f1a-960f-a52846067d61_ITS_1	NR_153244.1	85.085	590	43	34	20	585	1	569	1.01e-159	560	585	609	502
2aa3bc53-6e35-4f1a-960f-a52846067d61_ITS_1	NR_145178.1	85.085	590	43	34	20	585	1	569	1.01e-159	560	585	609	502
2aa3bc53-6e35-4f1a-960f-a52846067d61_ITS_1	NR_160206.1	87.234	517	32	23	44	540	1	503	3.62e-159	558	585	505	451
2aa3bc53-6e35-4f1a-960f-a52846067d61_ITS_1	NR_158820.1	84.401	609	49	33	1	585	1	587	1.30e-158	556	585	587	514
2aa3bc53-6e35-4f1a-960f-a52846067d61_ITS_1	NR_153220.1	84.890	589	45	33	20	585	1	568	4.69e-158	555	585	608	500
2aa3bc53-6e35-4f1a-960f-a52846067d61_ITS_1	NR_145176.1	84.915	590	44	34	20	585	1	569	4.69e-158	555	585	609	501
2aa3bc53-6e35-4f1a-960f-a52846067d61_ITS_1	NR_154738.1	88.358	481	29	18	61	523	1	472	1.69e-157	553	585	474	425
2aa3bc53-6e35-4f1a-960f-a52846067d61_ITS_1	NR_119501.1	85.315	572	42	32	14	564	1	551	1.69e-157	553	585	561	488
2aa3bc53-6e35-4f1a-960f-a52846067d61_ITS_1	NR_135345.1	85.818	550	43	29	32	564	1	532	6.07e-157	551	585	597	472
2aa3bc53-6e35-4f1a-960f-a52846067d61_ITS_1	NR_158825.1	84.236	609	50	36	1	585	1	587	6.07e-157	551	585	587	513
2aa3bc53-6e35-4f1a-960f-a52846067d61_ITS_1	NR_138263.1	84.720	589	47	35	20	585	1	569	2.18e-156	549	585	609	499
2aa3bc53-6e35-4f1a-960f-a52846067d61_ITS_1	NR_198141.1	84.760	584	49	31	1	564	3	566	2.18e-156	549	585	571	495
2aa3bc53-6e35-4f1a-960f-a52846067d61_ITS_1	NR_144845.1	84.185	607	50	34	1	585	59	641	7.85e-156	547	585	681	511
2aa3bc53-6e35-4f1a-960f-a52846067d61_ITS_1	NR_176764.1	87.179	507	32	25	47	531	2	497	2.82e-155	545	585	497	442
2aa3bc53-6e35-4f1a-960f-a52846067d61_ITS_1	NR_138291.1	85.310	565	40	33	21	564	1	543	1.01e-154	544	585	548	482
2aa3bc53-6e35-4f1a-960f-a52846067d61_ITS_1	NR_138339.1	84.524	588	49	29	21	585	1	569	1.01e-154	544	585	609	497
2aa3bc53-6e35-4f1a-960f-a52846067d61_ITS_1	NR_185789.1	84.708	582	48	32	1	564	71	629	1.01e-154	544	585	639	493
2aa3bc53-6e35-4f1a-960f-a52846067d61_ITS_1	NR_111505.1	85.080	563	46	29	21	564	1	544	1.31e-153	540	585	549	479
2aa3bc53-6e35-4f1a-960f-a52846067d61_ITS_1	NR_121240.1	84.524	588	46	33	20	585	1	565	1.31e-153	540	585	605	497
2aa3bc53-6e35-4f1a-960f-a52846067d61_ITS_1	NR_111504.1	85.053	562	47	28	21	564	1	543	4.72e-153	538	585	548	478
2aa3bc53-6e35-4f1a-960f-a52846067d61_ITS_1	NR_111511.1	85.106	564	42	34	21	564	1	542	4.72e-153	538	585	547	480
2aa3bc53-6e35-4f1a-960f-a52846067d61_ITS_1	NR_121231.1	84.380	589	48	32	20	585	1	568	4.72e-153	538	585	608	497
2aa3bc53-6e35-4f1a-960f-a52846067d61_ITS_1	NR_169981.1	83.908	609	51	36	1	585	114	699	4.72e-153	538	585	739	511
2aa3bc53-6e35-4f1a-960f-a52846067d61_ITS_1	NR_138347.1	84.929	564	47	29	20	564	1	545	1.70e-152	536	585	550	479
2aa3bc53-6e35-4f1a-960f-a52846067d61_ITS_1	NR_156585.1	84.407	590	45	32	20	585	1	567	1.70e-152	536	585	607	498
2aa3bc53-6e35-4f1a-960f-a52846067d61_ITS_1	NR_172032.1	83.744	609	55	34	1	585	1	589	1.70e-152	536	585	589	510
2aa3bc53-6e35-4f1a-960f-a52846067d61_ITS_1	NR_121202.1	84.237	590	50	32	20	585	1	571	6.11e-152	534	585	611	497
2aa3bc53-6e35-4f1a-960f-a52846067d61_ITS_1	NR_146250.1	83.775	604	54	34	6	585	3	586	2.20e-151	532	585	587	506
2aa3bc53-6e35-4f1a-960f-a52846067d61_ITS_1	NR_111496.1	84.875	562	48	34	21	564	1	543	2.20e-151	532	585	548	477
2aa3bc53-6e35-4f1a-960f-a52846067d61_ITS_1	NR_111500.1	84.929	564	44	31	21	564	1	543	2.20e-151	532	585	548	479
2aa3bc53-6e35-4f1a-960f-a52846067d61_ITS_1	NR_111501.1	84.902	563	45	32	21	564	1	542	2.20e-151	532	585	547	478
2aa3bc53-6e35-4f1a-960f-a52846067d61_ITS_1	NR_121278.1	84.237	590	48	33	20	585	1	569	2.20e-151	532	585	609	497
2aa3bc53-6e35-4f1a-960f-a52846067d61_ITS_1	NR_138292.1	84.902	563	44	35	21	564	1	541	7.90e-151	531	585	546	478
2aa3bc53-6e35-4f1a-960f-a52846067d61_ITS_1	NR_158822.1	83.607	610	52	37	1	585	2	588	2.84e-150	529	585	588	510
2aa3bc53-6e35-4f1a-960f-a52846067d61_ITS_1	NR_160081.1	84.184	588	48	34	20	585	1	565	2.84e-150	529	585	605	495
2aa3bc53-6e35-4f1a-960f-a52846067d61_ITS_1	NR_171587.1	83.553	608	57	31	1	585	1	588	2.84e-150	529	585	588	508
2aa3bc53-6e35-4f1a-960f-a52846067d61_ITS_1	NR_138294.1	84.725	563	46	32	21	564	1	542	1.02e-149	527	585	547	477
2aa3bc53-6e35-4f1a-960f-a52846067d61_ITS_1	NR_111506.1	84.725	563	46	34	21	564	1	542	1.02e-149	527	585	547	477
