42fd3091-b3b6-4fa7-8416-65bae1300c91_ITS_2	NR_121481.1	88.215	577	11	27	1	524	71	643	0.0	636	539	707	509
42fd3091-b3b6-4fa7-8416-65bae1300c91_ITS_2	NR_138362.1	87.326	576	16	26	1	524	57	627	1.17e-173	606	539	691	503
42fd3091-b3b6-4fa7-8416-65bae1300c91_ITS_2	NR_171617.1	87.108	574	18	27	1	524	97	664	1.96e-171	599	539	728	500
42fd3091-b3b6-4fa7-8416-65bae1300c91_ITS_2	NR_151816.1	86.528	579	17	30	1	524	3	575	7.10e-166	580	539	579	501
42fd3091-b3b6-4fa7-8416-65bae1300c91_ITS_2	NR_138341.1	86.183	579	19	30	1	524	113	685	1.54e-162	569	539	749	499
42fd3091-b3b6-4fa7-8416-65bae1300c91_ITS_2	NR_135407.1	86.847	555	18	27	20	524	1	550	1.54e-162	569	539	614	482
42fd3091-b3b6-4fa7-8416-65bae1300c91_ITS_2	NR_137479.1	86.691	556	17	28	20	524	1	550	7.15e-161	564	539	614	482
42fd3091-b3b6-4fa7-8416-65bae1300c91_ITS_2	NR_191334.1	85.862	580	20	31	1	524	71	644	9.25e-160	560	539	648	498
42fd3091-b3b6-4fa7-8416-65bae1300c91_ITS_2	NR_137443.1	86.306	555	20	27	20	524	1	549	1.55e-157	553	539	553	479
42fd3091-b3b6-4fa7-8416-65bae1300c91_ITS_2	NR_137489.1	86.331	556	19	26	20	524	1	550	1.55e-157	553	539	614	480
42fd3091-b3b6-4fa7-8416-65bae1300c91_ITS_2	NR_151815.1	85.616	584	19	32	1	524	3	581	1.55e-157	553	539	585	500
42fd3091-b3b6-4fa7-8416-65bae1300c91_ITS_2	NR_171616.1	85.470	585	19	32	1	524	97	676	2.00e-156	549	539	740	500
42fd3091-b3b6-4fa7-8416-65bae1300c91_ITS_2	NR_171612.1	85.420	583	21	31	1	524	102	679	7.20e-156	547	539	743	498
42fd3091-b3b6-4fa7-8416-65bae1300c91_ITS_2	NR_172047.1	85.395	582	24	28	1	524	97	675	7.20e-156	547	539	739	497
42fd3091-b3b6-4fa7-8416-65bae1300c91_ITS_2	NR_172044.1	85.299	585	20	32	1	524	16	595	9.32e-155	544	539	620	499
42fd3091-b3b6-4fa7-8416-65bae1300c91_ITS_2	NR_172048.1	85.299	585	20	32	1	524	71	650	9.32e-155	544	539	714	499
42fd3091-b3b6-4fa7-8416-65bae1300c91_ITS_2	NR_135409.1	85.893	560	19	29	20	524	1	555	3.35e-154	542	539	619	481
42fd3091-b3b6-4fa7-8416-65bae1300c91_ITS_2	NR_135405.1	85.868	559	20	28	20	524	1	554	1.21e-153	540	539	618	480
42fd3091-b3b6-4fa7-8416-65bae1300c91_ITS_2	NR_137517.1	85.868	559	20	28	20	524	1	554	1.21e-153	540	539	618	480
42fd3091-b3b6-4fa7-8416-65bae1300c91_ITS_2	NR_135404.1	85.587	562	21	28	20	524	1	559	5.61e-152	534	539	623	481
42fd3091-b3b6-4fa7-8416-65bae1300c91_ITS_2	NR_137482.1	85.561	561	21	30	20	524	1	557	2.02e-151	532	539	621	480
42fd3091-b3b6-4fa7-8416-65bae1300c91_ITS_2	NR_171618.1	84.880	582	27	27	1	524	97	675	7.25e-151	531	539	739	494
42fd3091-b3b6-4fa7-8416-65bae1300c91_ITS_2	NR_135406.1	85.383	561	22	29	20	524	1	557	9.38e-150	527	539	621	479
42fd3091-b3b6-4fa7-8416-65bae1300c91_ITS_2	NR_169980.1	84.760	584	24	32	1	524	97	675	3.38e-149	525	539	739	495
42fd3091-b3b6-4fa7-8416-65bae1300c91_ITS_2	NR_135408.1	85.205	561	22	30	20	524	1	556	1.57e-147	520	539	620	478
42fd3091-b3b6-4fa7-8416-65bae1300c91_ITS_2	NR_137483.1	85.133	565	20	30	20	524	1	561	1.57e-147	520	539	625	481
42fd3091-b3b6-4fa7-8416-65bae1300c91_ITS_2	NR_137488.1	85.080	563	22	31	20	524	1	559	5.65e-147	518	539	623	479
42fd3091-b3b6-4fa7-8416-65bae1300c91_ITS_2	NR_172366.1	85.080	563	22	29	20	524	1	559	5.65e-147	518	539	563	479
42fd3091-b3b6-4fa7-8416-65bae1300c91_ITS_2	NR_137486.1	84.982	566	19	32	20	524	1	561	7.31e-146	514	539	625	481
42fd3091-b3b6-4fa7-8416-65bae1300c91_ITS_2	NR_137485.1	84.956	565	20	32	20	524	1	560	2.63e-145	512	539	624	480
42fd3091-b3b6-4fa7-8416-65bae1300c91_ITS_2	NR_137480.1	84.875	562	23	31	20	524	1	557	9.45e-145	510	539	621	477
42fd3091-b3b6-4fa7-8416-65bae1300c91_ITS_2	NR_137481.1	84.821	560	27	26	20	524	1	557	9.45e-145	510	539	621	475
42fd3091-b3b6-4fa7-8416-65bae1300c91_ITS_2	NR_137515.1	88.274	452	18	22	106	524	69	518	3.40e-144	508	539	582	399
42fd3091-b3b6-4fa7-8416-65bae1300c91_ITS_2	NR_137515.1	97.674	43	1	0	57	99	3	45	1.47e-13	75.0	539	582	42
42fd3091-b3b6-4fa7-8416-65bae1300c91_ITS_2	NR_135436.1	88.274	452	18	22	106	524	71	520	3.40e-144	508	539	584	399
42fd3091-b3b6-4fa7-8416-65bae1300c91_ITS_2	NR_135436.1	95.238	42	2	0	57	98	3	44	2.46e-11	67.6	539	584	40
42fd3091-b3b6-4fa7-8416-65bae1300c91_ITS_2	NR_151782.1	88.274	452	18	22	106	524	77	526	3.40e-144	508	539	590	399
42fd3091-b3b6-4fa7-8416-65bae1300c91_ITS_2	NR_151782.1	93.333	45	3	0	54	98	6	50	2.46e-11	67.6	539	590	42
42fd3091-b3b6-4fa7-8416-65bae1300c91_ITS_2	NR_135437.1	84.946	558	21	29	27	524	1	555	1.22e-143	507	539	619	474
42fd3091-b3b6-4fa7-8416-65bae1300c91_ITS_2	NR_137490.1	84.779	565	21	32	20	524	1	560	1.22e-143	507	539	624	479
42fd3091-b3b6-4fa7-8416-65bae1300c91_ITS_2	NR_121482.1	84.165	581	30	32	1	524	71	646	1.22e-143	507	539	710	489
42fd3091-b3b6-4fa7-8416-65bae1300c91_ITS_2	NR_136948.1	86.248	509	16	26	32	490	1	505	1.58e-142	503	539	505	439
42fd3091-b3b6-4fa7-8416-65bae1300c91_ITS_2	NR_137516.1	88.079	453	17	24	106	524	69	518	1.58e-142	503	539	582	399
42fd3091-b3b6-4fa7-8416-65bae1300c91_ITS_2	NR_137516.1	95.349	43	2	0	57	99	3	45	6.84e-12	69.4	539	582	41
42fd3091-b3b6-4fa7-8416-65bae1300c91_ITS_2	NR_137484.1	84.629	566	22	33	20	524	1	562	1.58e-142	503	539	626	479
42fd3091-b3b6-4fa7-8416-65bae1300c91_ITS_2	NR_135412.1	84.547	563	25	30	20	524	1	559	5.69e-142	501	539	623	476
42fd3091-b3b6-4fa7-8416-65bae1300c91_ITS_2	NR_135438.1	87.885	454	17	24	106	524	76	526	2.05e-141	499	539	590	399
42fd3091-b3b6-4fa7-8416-65bae1300c91_ITS_2	NR_135438.1	93.478	46	3	0	54	99	6	51	6.84e-12	69.4	539	590	43
42fd3091-b3b6-4fa7-8416-65bae1300c91_ITS_2	NR_137487.1	84.520	562	26	30	20	524	1	558	2.05e-141	499	539	622	475
42fd3091-b3b6-4fa7-8416-65bae1300c91_ITS_2	NR_137514.1	87.912	455	16	24	106	524	69	520	2.05e-141	499	539	584	400
42fd3091-b3b6-4fa7-8416-65bae1300c91_ITS_2	NR_137514.1	95.349	43	2	0	57	99	3	45	6.84e-12	69.4	539	584	41
42fd3091-b3b6-4fa7-8416-65bae1300c91_ITS_2	NR_171609.1	83.821	581	32	30	1	524	102	677	2.65e-140	496	539	741	487
42fd3091-b3b6-4fa7-8416-65bae1300c91_ITS_2	NR_151792.1	83.652	575	34	33	1	524	87	652	1.59e-137	486	539	716	481
42fd3091-b3b6-4fa7-8416-65bae1300c91_ITS_2	NR_190236.1	87.004	454	22	22	106	524	85	536	9.59e-135	477	539	552	395
42fd3091-b3b6-4fa7-8416-65bae1300c91_ITS_2	NR_190236.1	93.182	44	3	0	54	97	16	59	8.84e-11	65.8	539	552	41
42fd3091-b3b6-4fa7-8416-65bae1300c91_ITS_2	NR_137442.1	85.185	513	19	27	32	490	1	510	1.24e-133	473	539	510	437
42fd3091-b3b6-4fa7-8416-65bae1300c91_ITS_2	NR_158821.1	83.363	571	36	36	1	524	1	559	1.24e-133	473	539	583	476
42fd3091-b3b6-4fa7-8416-65bae1300c91_ITS_2	NR_077152.1	83.304	575	35	34	1	524	1	565	1.24e-133	473	539	613	479
42fd3091-b3b6-4fa7-8416-65bae1300c91_ITS_2	NR_135410.1	83.511	564	30	31	20	524	1	560	5.77e-132	468	539	624	471
42fd3091-b3b6-4fa7-8416-65bae1300c91_ITS_2	NR_131310.1	88.278	418	13	23	106	490	101	515	5.77e-132	468	539	515	369
42fd3091-b3b6-4fa7-8416-65bae1300c91_ITS_2	NR_131310.1	85.526	76	3	4	32	99	1	76	5.29e-13	73.1	539	515	65
42fd3091-b3b6-4fa7-8416-65bae1300c91_ITS_2	NR_198141.1	83.101	574	38	36	1	524	3	567	5.77e-132	468	539	571	477
42fd3091-b3b6-4fa7-8416-65bae1300c91_ITS_2	NR_158820.1	83.012	571	42	32	1	524	1	563	2.08e-131	466	539	587	474
42fd3091-b3b6-4fa7-8416-65bae1300c91_ITS_2	NR_160194.1	84.528	530	19	33	26	496	2	527	2.08e-131	466	539	527	448
42fd3091-b3b6-4fa7-8416-65bae1300c91_ITS_2	NR_135411.1	83.333	564	31	31	20	524	1	560	2.68e-130	462	539	624	470
42fd3091-b3b6-4fa7-8416-65bae1300c91_ITS_2	NR_137518.1	86.444	450	26	23	106	524	84	529	9.65e-130	460	539	553	389
42fd3091-b3b6-4fa7-8416-65bae1300c91_ITS_2	NR_135403.1	86.283	452	26	24	106	524	112	560	3.47e-129	459	539	624	390
42fd3091-b3b6-4fa7-8416-65bae1300c91_ITS_2	NR_135403.1	85.882	85	4	4	20	97	1	84	2.44e-16	84.2	539	624	73
42fd3091-b3b6-4fa7-8416-65bae1300c91_ITS_2	NR_138306.1	82.867	572	39	35	1	524	104	664	3.47e-129	459	539	728	474
42fd3091-b3b6-4fa7-8416-65bae1300c91_ITS_2	NR_154738.1	88.264	409	13	23	106	482	67	472	1.25e-128	457	539	474	361
42fd3091-b3b6-4fa7-8416-65bae1300c91_ITS_2	NR_154738.1	97.674	43	1	0	57	99	1	43	1.47e-13	75.0	539	474	42
42fd3091-b3b6-4fa7-8416-65bae1300c91_ITS_2	NR_171587.1	82.692	572	43	33	1	524	1	564	1.25e-128	457	539	588	473
42fd3091-b3b6-4fa7-8416-65bae1300c91_ITS_2	NR_119501.1	83.186	565	28	39	14	524	1	552	4.49e-128	455	539	561	470
42fd3091-b3b6-4fa7-8416-65bae1300c91_ITS_2	NR_176764.1	87.589	419	14	25	106	490	83	497	5.81e-127	451	539	497	367
42fd3091-b3b6-4fa7-8416-65bae1300c91_ITS_2	NR_153225.1	83.124	557	30	39	20	524	1	545	2.09e-126	449	539	609	463
42fd3091-b3b6-4fa7-8416-65bae1300c91_ITS_2	NR_153244.1	83.124	557	30	39	20	524	1	545	2.09e-126	449	539	609	463
42fd3091-b3b6-4fa7-8416-65bae1300c91_ITS_2	NR_138263.1	83.032	554	36	31	20	524	1	545	2.09e-126	449	539	609	460
42fd3091-b3b6-4fa7-8416-65bae1300c91_ITS_2	NR_145178.1	83.094	556	32	38	20	524	1	545	2.09e-126	449	539	609	462
42fd3091-b3b6-4fa7-8416-65bae1300c91_ITS_2	NR_151822.1	82.918	562	35	34	14	524	1	552	2.09e-126	449	539	616	466
42fd3091-b3b6-4fa7-8416-65bae1300c91_ITS_2	NR_153220.1	83.032	554	35	36	20	524	1	544	7.52e-126	448	539	608	460
42fd3091-b3b6-4fa7-8416-65bae1300c91_ITS_2	NR_111500.1	83.002	553	36	35	21	524	1	544	7.52e-126	448	539	548	459
42fd3091-b3b6-4fa7-8416-65bae1300c91_ITS_2	NR_159605.1	82.292	576	45	28	1	524	118	688	2.70e-125	446	539	752	474
42fd3091-b3b6-4fa7-8416-65bae1300c91_ITS_2	NR_153223.1	82.944	557	31	39	20	524	1	545	9.72e-125	444	539	609	462
42fd3091-b3b6-4fa7-8416-65bae1300c91_ITS_2	NR_145177.1	82.975	558	30	40	20	524	1	546	9.72e-125	444	539	610	463
42fd3091-b3b6-4fa7-8416-65bae1300c91_ITS_2	NR_121230.1	82.790	552	40	33	20	524	1	544	3.50e-124	442	539	608	457
42fd3091-b3b6-4fa7-8416-65bae1300c91_ITS_2	NR_153221.1	82.765	557	32	39	20	524	1	545	4.52e-123	438	539	609	461
42fd3091-b3b6-4fa7-8416-65bae1300c91_ITS_2	NR_153222.1	82.765	557	32	39	20	524	1	545	4.52e-123	438	539	609	461
42fd3091-b3b6-4fa7-8416-65bae1300c91_ITS_2	NR_145176.1	82.765	557	32	38	20	524	1	545	4.52e-123	438	539	609	461
42fd3091-b3b6-4fa7-8416-65bae1300c91_ITS_2	NR_160206.1	86.713	429	16	28	106	499	81	503	4.52e-123	438	539	505	372
42fd3091-b3b6-4fa7-8416-65bae1300c91_ITS_2	NR_160206.1	93.478	46	3	0	54	99	13	58	6.84e-12	69.4	539	505	43
42fd3091-b3b6-4fa7-8416-65bae1300c91_ITS_2	NR_135345.1	83.026	542	33	32	33	524	1	533	1.63e-122	436	539	597	450
42fd3091-b3b6-4fa7-8416-65bae1300c91_ITS_2	NR_138339.1	82.640	553	39	32	21	524	1	545	1.63e-122	436	539	609	457
42fd3091-b3b6-4fa7-8416-65bae1300c91_ITS_2	NR_111504.1	82.609	552	40	31	21	524	1	544	1.63e-122	436	539	548	456
42fd3091-b3b6-4fa7-8416-65bae1300c91_ITS_2	NR_111505.1	82.640	553	39	34	21	524	1	545	1.63e-122	436	539	549	457
42fd3091-b3b6-4fa7-8416-65bae1300c91_ITS_2	NR_138292.1	82.671	554	34	35	21	524	1	542	5.85e-122	435	539	546	458
42fd3091-b3b6-4fa7-8416-65bae1300c91_ITS_2	NR_111511.1	82.671	554	35	37	21	524	1	543	5.85e-122	435	539	547	458
42fd3091-b3b6-4fa7-8416-65bae1300c91_ITS_2	NR_135382.1	82.873	543	34	32	33	524	1	535	2.10e-121	433	539	599	450
42fd3091-b3b6-4fa7-8416-65bae1300c91_ITS_2	NR_135383.1	82.873	543	34	32	33	524	1	535	2.10e-121	433	539	599	450
42fd3091-b3b6-4fa7-8416-65bae1300c91_ITS_2	NR_138347.1	82.491	554	40	34	20	524	1	546	2.10e-121	433	539	550	457
42fd3091-b3b6-4fa7-8416-65bae1300c91_ITS_2	NR_135384.1	82.721	544	34	33	33	524	1	536	2.72e-120	429	539	600	450
42fd3091-b3b6-4fa7-8416-65bae1300c91_ITS_2	NR_111501.1	82.428	552	40	34	21	524	1	543	2.72e-120	429	539	547	455
42fd3091-b3b6-4fa7-8416-65bae1300c91_ITS_2	NR_172532.1	82.342	555	41	32	21	524	1	549	2.72e-120	429	539	553	457
42fd3091-b3b6-4fa7-8416-65bae1300c91_ITS_2	NR_138338.1	82.310	554	40	34	21	524	1	546	9.79e-120	427	539	610	456
42fd3091-b3b6-4fa7-8416-65bae1300c91_ITS_2	NR_153208.1	82.931	539	28	39	20	506	1	527	9.79e-120	427	539	527	447
42fd3091-b3b6-4fa7-8416-65bae1300c91_ITS_2	NR_145175.1	82.469	559	30	39	20	524	1	545	9.79e-120	427	539	609	461
42fd3091-b3b6-4fa7-8416-65bae1300c91_ITS_2	NR_156498.1	82.278	553	42	33	20	524	1	545	9.79e-120	427	539	609	455
42fd3091-b3b6-4fa7-8416-65bae1300c91_ITS_2	NR_121277.1	82.278	553	42	35	20	524	1	545	9.79e-120	427	539	609	455
42fd3091-b3b6-4fa7-8416-65bae1300c91_ITS_2	NR_172046.1	82.270	564	34	38	21	524	1	558	9.79e-120	427	539	622	464
42fd3091-b3b6-4fa7-8416-65bae1300c91_ITS_2	NR_135346.1	83.301	515	33	30	54	524	29	534	3.52e-119	425	539	598	429
42fd3091-b3b6-4fa7-8416-65bae1300c91_ITS_2	NR_137456.1	83.301	515	33	30	54	524	29	534	3.52e-119	425	539	598	429
42fd3091-b3b6-4fa7-8416-65bae1300c91_ITS_2	NR_131295.1	85.144	451	28	26	108	524	99	544	3.52e-119	425	539	608	384
