42fd3091-b3b6-4fa7-8416-65bae1300c91_ITS_1	NR_121481.1	88.215	577	11	27	21	544	71	643	0.0	636	559	707	509
42fd3091-b3b6-4fa7-8416-65bae1300c91_ITS_1	NR_138362.1	87.326	576	16	26	21	544	57	627	1.22e-173	606	559	691	503
42fd3091-b3b6-4fa7-8416-65bae1300c91_ITS_1	NR_171617.1	87.108	574	18	27	21	544	97	664	2.04e-171	599	559	728	500
42fd3091-b3b6-4fa7-8416-65bae1300c91_ITS_1	NR_151816.1	86.528	579	17	30	21	544	3	575	7.38e-166	580	559	579	501
42fd3091-b3b6-4fa7-8416-65bae1300c91_ITS_1	NR_138341.1	86.183	579	19	30	21	544	113	685	1.60e-162	569	559	749	499
42fd3091-b3b6-4fa7-8416-65bae1300c91_ITS_1	NR_135407.1	86.847	555	18	27	40	544	1	550	1.60e-162	569	559	614	482
42fd3091-b3b6-4fa7-8416-65bae1300c91_ITS_1	NR_137479.1	86.691	556	17	28	40	544	1	550	7.43e-161	564	559	614	482
42fd3091-b3b6-4fa7-8416-65bae1300c91_ITS_1	NR_191334.1	85.862	580	20	31	21	544	71	644	9.61e-160	560	559	648	498
42fd3091-b3b6-4fa7-8416-65bae1300c91_ITS_1	NR_137443.1	86.306	555	20	27	40	544	1	549	1.61e-157	553	559	553	479
42fd3091-b3b6-4fa7-8416-65bae1300c91_ITS_1	NR_137489.1	86.331	556	19	26	40	544	1	550	1.61e-157	553	559	614	480
42fd3091-b3b6-4fa7-8416-65bae1300c91_ITS_1	NR_151815.1	85.616	584	19	32	21	544	3	581	1.61e-157	553	559	585	500
42fd3091-b3b6-4fa7-8416-65bae1300c91_ITS_1	NR_171616.1	85.470	585	19	32	21	544	97	676	2.08e-156	549	559	740	500
42fd3091-b3b6-4fa7-8416-65bae1300c91_ITS_1	NR_171612.1	85.420	583	21	31	21	544	102	679	7.48e-156	547	559	743	498
42fd3091-b3b6-4fa7-8416-65bae1300c91_ITS_1	NR_172047.1	85.395	582	24	28	21	544	97	675	7.48e-156	547	559	739	497
42fd3091-b3b6-4fa7-8416-65bae1300c91_ITS_1	NR_172044.1	85.299	585	20	32	21	544	16	595	9.68e-155	544	559	620	499
42fd3091-b3b6-4fa7-8416-65bae1300c91_ITS_1	NR_172048.1	85.299	585	20	32	21	544	71	650	9.68e-155	544	559	714	499
42fd3091-b3b6-4fa7-8416-65bae1300c91_ITS_1	NR_135409.1	85.893	560	19	29	40	544	1	555	3.48e-154	542	559	619	481
42fd3091-b3b6-4fa7-8416-65bae1300c91_ITS_1	NR_135405.1	85.868	559	20	28	40	544	1	554	1.25e-153	540	559	618	480
42fd3091-b3b6-4fa7-8416-65bae1300c91_ITS_1	NR_137517.1	85.868	559	20	28	40	544	1	554	1.25e-153	540	559	618	480
42fd3091-b3b6-4fa7-8416-65bae1300c91_ITS_1	NR_135404.1	85.587	562	21	28	40	544	1	559	5.83e-152	534	559	623	481
42fd3091-b3b6-4fa7-8416-65bae1300c91_ITS_1	NR_137482.1	85.561	561	21	30	40	544	1	557	2.10e-151	532	559	621	480
42fd3091-b3b6-4fa7-8416-65bae1300c91_ITS_1	NR_171618.1	84.880	582	27	27	21	544	97	675	7.54e-151	531	559	739	494
42fd3091-b3b6-4fa7-8416-65bae1300c91_ITS_1	NR_135406.1	85.383	561	22	29	40	544	1	557	9.75e-150	527	559	621	479
42fd3091-b3b6-4fa7-8416-65bae1300c91_ITS_1	NR_169980.1	84.760	584	24	32	21	544	97	675	3.51e-149	525	559	739	495
42fd3091-b3b6-4fa7-8416-65bae1300c91_ITS_1	NR_135408.1	85.205	561	22	30	40	544	1	556	1.63e-147	520	559	620	478
42fd3091-b3b6-4fa7-8416-65bae1300c91_ITS_1	NR_137483.1	85.133	565	20	30	40	544	1	561	1.63e-147	520	559	625	481
42fd3091-b3b6-4fa7-8416-65bae1300c91_ITS_1	NR_137488.1	85.080	563	22	31	40	544	1	559	5.87e-147	518	559	623	479
42fd3091-b3b6-4fa7-8416-65bae1300c91_ITS_1	NR_172366.1	85.080	563	22	29	40	544	1	559	5.87e-147	518	559	563	479
42fd3091-b3b6-4fa7-8416-65bae1300c91_ITS_1	NR_137486.1	84.982	566	19	32	40	544	1	561	7.59e-146	514	559	625	481
42fd3091-b3b6-4fa7-8416-65bae1300c91_ITS_1	NR_137485.1	84.956	565	20	32	40	544	1	560	2.73e-145	512	559	624	480
42fd3091-b3b6-4fa7-8416-65bae1300c91_ITS_1	NR_137480.1	84.875	562	23	31	40	544	1	557	9.82e-145	510	559	621	477
42fd3091-b3b6-4fa7-8416-65bae1300c91_ITS_1	NR_137481.1	84.821	560	27	26	40	544	1	557	9.82e-145	510	559	621	475
42fd3091-b3b6-4fa7-8416-65bae1300c91_ITS_1	NR_137515.1	88.274	452	18	22	126	544	69	518	3.53e-144	508	559	582	399
42fd3091-b3b6-4fa7-8416-65bae1300c91_ITS_1	NR_137515.1	97.674	43	1	0	77	119	3	45	1.53e-13	75.0	559	582	42
42fd3091-b3b6-4fa7-8416-65bae1300c91_ITS_1	NR_135436.1	88.274	452	18	22	126	544	71	520	3.53e-144	508	559	584	399
42fd3091-b3b6-4fa7-8416-65bae1300c91_ITS_1	NR_135436.1	95.238	42	2	0	77	118	3	44	2.55e-11	67.6	559	584	40
42fd3091-b3b6-4fa7-8416-65bae1300c91_ITS_1	NR_151782.1	88.274	452	18	22	126	544	77	526	3.53e-144	508	559	590	399
42fd3091-b3b6-4fa7-8416-65bae1300c91_ITS_1	NR_151782.1	93.333	45	3	0	74	118	6	50	2.55e-11	67.6	559	590	42
42fd3091-b3b6-4fa7-8416-65bae1300c91_ITS_1	NR_135437.1	84.946	558	21	29	47	544	1	555	1.27e-143	507	559	619	474
42fd3091-b3b6-4fa7-8416-65bae1300c91_ITS_1	NR_137490.1	84.779	565	21	32	40	544	1	560	1.27e-143	507	559	624	479
42fd3091-b3b6-4fa7-8416-65bae1300c91_ITS_1	NR_121482.1	84.165	581	30	32	21	544	71	646	1.27e-143	507	559	710	489
42fd3091-b3b6-4fa7-8416-65bae1300c91_ITS_1	NR_136948.1	86.248	509	16	26	52	510	1	505	1.64e-142	503	559	505	439
42fd3091-b3b6-4fa7-8416-65bae1300c91_ITS_1	NR_137516.1	88.079	453	17	24	126	544	69	518	1.64e-142	503	559	582	399
42fd3091-b3b6-4fa7-8416-65bae1300c91_ITS_1	NR_137516.1	95.349	43	2	0	77	119	3	45	7.10e-12	69.4	559	582	41
42fd3091-b3b6-4fa7-8416-65bae1300c91_ITS_1	NR_137484.1	84.629	566	22	33	40	544	1	562	1.64e-142	503	559	626	479
42fd3091-b3b6-4fa7-8416-65bae1300c91_ITS_1	NR_135412.1	84.547	563	25	30	40	544	1	559	5.91e-142	501	559	623	476
42fd3091-b3b6-4fa7-8416-65bae1300c91_ITS_1	NR_135438.1	87.885	454	17	24	126	544	76	526	2.13e-141	499	559	590	399
42fd3091-b3b6-4fa7-8416-65bae1300c91_ITS_1	NR_135438.1	93.478	46	3	0	74	119	6	51	7.10e-12	69.4	559	590	43
42fd3091-b3b6-4fa7-8416-65bae1300c91_ITS_1	NR_137487.1	84.520	562	26	30	40	544	1	558	2.13e-141	499	559	622	475
42fd3091-b3b6-4fa7-8416-65bae1300c91_ITS_1	NR_137514.1	87.912	455	16	24	126	544	69	520	2.13e-141	499	559	584	400
42fd3091-b3b6-4fa7-8416-65bae1300c91_ITS_1	NR_137514.1	95.349	43	2	0	77	119	3	45	7.10e-12	69.4	559	584	41
42fd3091-b3b6-4fa7-8416-65bae1300c91_ITS_1	NR_171609.1	83.821	581	32	30	21	544	102	677	2.75e-140	496	559	741	487
42fd3091-b3b6-4fa7-8416-65bae1300c91_ITS_1	NR_151792.1	83.652	575	34	33	21	544	87	652	1.65e-137	486	559	716	481
42fd3091-b3b6-4fa7-8416-65bae1300c91_ITS_1	NR_190236.1	87.004	454	22	22	126	544	85	536	9.96e-135	477	559	552	395
42fd3091-b3b6-4fa7-8416-65bae1300c91_ITS_1	NR_190236.1	93.182	44	3	0	74	117	16	59	9.19e-11	65.8	559	552	41
42fd3091-b3b6-4fa7-8416-65bae1300c91_ITS_1	NR_137442.1	85.185	513	19	27	52	510	1	510	1.29e-133	473	559	510	437
42fd3091-b3b6-4fa7-8416-65bae1300c91_ITS_1	NR_158821.1	83.363	571	36	36	21	544	1	559	1.29e-133	473	559	583	476
42fd3091-b3b6-4fa7-8416-65bae1300c91_ITS_1	NR_077152.1	83.304	575	35	34	21	544	1	565	1.29e-133	473	559	613	479
42fd3091-b3b6-4fa7-8416-65bae1300c91_ITS_1	NR_135410.1	83.511	564	30	31	40	544	1	560	5.99e-132	468	559	624	471
42fd3091-b3b6-4fa7-8416-65bae1300c91_ITS_1	NR_131310.1	88.278	418	13	23	126	510	101	515	5.99e-132	468	559	515	369
42fd3091-b3b6-4fa7-8416-65bae1300c91_ITS_1	NR_131310.1	85.526	76	3	4	52	119	1	76	5.49e-13	73.1	559	515	65
42fd3091-b3b6-4fa7-8416-65bae1300c91_ITS_1	NR_198141.1	83.101	574	38	36	21	544	3	567	5.99e-132	468	559	571	477
42fd3091-b3b6-4fa7-8416-65bae1300c91_ITS_1	NR_158820.1	83.012	571	42	32	21	544	1	563	2.16e-131	466	559	587	474
42fd3091-b3b6-4fa7-8416-65bae1300c91_ITS_1	NR_160194.1	84.528	530	19	33	46	516	2	527	2.16e-131	466	559	527	448
42fd3091-b3b6-4fa7-8416-65bae1300c91_ITS_1	NR_135411.1	83.333	564	31	31	40	544	1	560	2.79e-130	462	559	624	470
42fd3091-b3b6-4fa7-8416-65bae1300c91_ITS_1	NR_137518.1	86.444	450	26	23	126	544	84	529	1.00e-129	460	559	553	389
42fd3091-b3b6-4fa7-8416-65bae1300c91_ITS_1	NR_135403.1	86.283	452	26	24	126	544	112	560	3.61e-129	459	559	624	390
42fd3091-b3b6-4fa7-8416-65bae1300c91_ITS_1	NR_135403.1	85.882	85	4	4	40	117	1	84	2.54e-16	84.2	559	624	73
42fd3091-b3b6-4fa7-8416-65bae1300c91_ITS_1	NR_138306.1	82.867	572	39	35	21	544	104	664	3.61e-129	459	559	728	474
42fd3091-b3b6-4fa7-8416-65bae1300c91_ITS_1	NR_154738.1	88.264	409	13	23	126	502	67	472	1.30e-128	457	559	474	361
42fd3091-b3b6-4fa7-8416-65bae1300c91_ITS_1	NR_154738.1	97.674	43	1	0	77	119	1	43	1.53e-13	75.0	559	474	42
42fd3091-b3b6-4fa7-8416-65bae1300c91_ITS_1	NR_171587.1	82.692	572	43	33	21	544	1	564	1.30e-128	457	559	588	473
42fd3091-b3b6-4fa7-8416-65bae1300c91_ITS_1	NR_119501.1	83.186	565	28	39	34	544	1	552	4.67e-128	455	559	561	470
42fd3091-b3b6-4fa7-8416-65bae1300c91_ITS_1	NR_176764.1	87.589	419	14	25	126	510	83	497	6.04e-127	451	559	497	367
42fd3091-b3b6-4fa7-8416-65bae1300c91_ITS_1	NR_153225.1	83.124	557	30	39	40	544	1	545	2.17e-126	449	559	609	463
42fd3091-b3b6-4fa7-8416-65bae1300c91_ITS_1	NR_153244.1	83.124	557	30	39	40	544	1	545	2.17e-126	449	559	609	463
42fd3091-b3b6-4fa7-8416-65bae1300c91_ITS_1	NR_138263.1	83.032	554	36	31	40	544	1	545	2.17e-126	449	559	609	460
42fd3091-b3b6-4fa7-8416-65bae1300c91_ITS_1	NR_145178.1	83.094	556	32	38	40	544	1	545	2.17e-126	449	559	609	462
42fd3091-b3b6-4fa7-8416-65bae1300c91_ITS_1	NR_151822.1	82.918	562	35	34	34	544	1	552	2.17e-126	449	559	616	466
42fd3091-b3b6-4fa7-8416-65bae1300c91_ITS_1	NR_153220.1	83.032	554	35	36	40	544	1	544	7.81e-126	448	559	608	460
42fd3091-b3b6-4fa7-8416-65bae1300c91_ITS_1	NR_111500.1	83.002	553	36	35	41	544	1	544	7.81e-126	448	559	548	459
42fd3091-b3b6-4fa7-8416-65bae1300c91_ITS_1	NR_159605.1	82.292	576	45	28	21	544	118	688	2.81e-125	446	559	752	474
42fd3091-b3b6-4fa7-8416-65bae1300c91_ITS_1	NR_153223.1	82.944	557	31	39	40	544	1	545	1.01e-124	444	559	609	462
42fd3091-b3b6-4fa7-8416-65bae1300c91_ITS_1	NR_145177.1	82.975	558	30	40	40	544	1	546	1.01e-124	444	559	610	463
42fd3091-b3b6-4fa7-8416-65bae1300c91_ITS_1	NR_121230.1	82.790	552	40	33	40	544	1	544	3.63e-124	442	559	608	457
42fd3091-b3b6-4fa7-8416-65bae1300c91_ITS_1	NR_153221.1	82.765	557	32	39	40	544	1	545	4.70e-123	438	559	609	461
42fd3091-b3b6-4fa7-8416-65bae1300c91_ITS_1	NR_153222.1	82.765	557	32	39	40	544	1	545	4.70e-123	438	559	609	461
42fd3091-b3b6-4fa7-8416-65bae1300c91_ITS_1	NR_145176.1	82.765	557	32	38	40	544	1	545	4.70e-123	438	559	609	461
42fd3091-b3b6-4fa7-8416-65bae1300c91_ITS_1	NR_160206.1	86.713	429	16	28	126	519	81	503	4.70e-123	438	559	505	372
42fd3091-b3b6-4fa7-8416-65bae1300c91_ITS_1	NR_160206.1	93.478	46	3	0	74	119	13	58	7.10e-12	69.4	559	505	43
42fd3091-b3b6-4fa7-8416-65bae1300c91_ITS_1	NR_135345.1	83.026	542	33	32	53	544	1	533	1.69e-122	436	559	597	450
42fd3091-b3b6-4fa7-8416-65bae1300c91_ITS_1	NR_138339.1	82.640	553	39	32	41	544	1	545	1.69e-122	436	559	609	457
42fd3091-b3b6-4fa7-8416-65bae1300c91_ITS_1	NR_111504.1	82.609	552	40	31	41	544	1	544	1.69e-122	436	559	548	456
42fd3091-b3b6-4fa7-8416-65bae1300c91_ITS_1	NR_111505.1	82.640	553	39	34	41	544	1	545	1.69e-122	436	559	549	457
42fd3091-b3b6-4fa7-8416-65bae1300c91_ITS_1	NR_138292.1	82.671	554	34	35	41	544	1	542	6.08e-122	435	559	546	458
42fd3091-b3b6-4fa7-8416-65bae1300c91_ITS_1	NR_111511.1	82.671	554	35	37	41	544	1	543	6.08e-122	435	559	547	458
42fd3091-b3b6-4fa7-8416-65bae1300c91_ITS_1	NR_135382.1	82.873	543	34	32	53	544	1	535	2.19e-121	433	559	599	450
42fd3091-b3b6-4fa7-8416-65bae1300c91_ITS_1	NR_135383.1	82.873	543	34	32	53	544	1	535	2.19e-121	433	559	599	450
42fd3091-b3b6-4fa7-8416-65bae1300c91_ITS_1	NR_138347.1	82.491	554	40	34	40	544	1	546	2.19e-121	433	559	550	457
42fd3091-b3b6-4fa7-8416-65bae1300c91_ITS_1	NR_135384.1	82.721	544	34	33	53	544	1	536	2.83e-120	429	559	600	450
42fd3091-b3b6-4fa7-8416-65bae1300c91_ITS_1	NR_111501.1	82.428	552	40	34	41	544	1	543	2.83e-120	429	559	547	455
42fd3091-b3b6-4fa7-8416-65bae1300c91_ITS_1	NR_172532.1	82.342	555	41	32	41	544	1	549	2.83e-120	429	559	553	457
42fd3091-b3b6-4fa7-8416-65bae1300c91_ITS_1	NR_138338.1	82.310	554	40	34	41	544	1	546	1.02e-119	427	559	610	456
42fd3091-b3b6-4fa7-8416-65bae1300c91_ITS_1	NR_153208.1	82.931	539	28	39	40	526	1	527	1.02e-119	427	559	527	447
42fd3091-b3b6-4fa7-8416-65bae1300c91_ITS_1	NR_145175.1	82.469	559	30	39	40	544	1	545	1.02e-119	427	559	609	461
42fd3091-b3b6-4fa7-8416-65bae1300c91_ITS_1	NR_156498.1	82.278	553	42	33	40	544	1	545	1.02e-119	427	559	609	455
42fd3091-b3b6-4fa7-8416-65bae1300c91_ITS_1	NR_121277.1	82.278	553	42	35	40	544	1	545	1.02e-119	427	559	609	455
42fd3091-b3b6-4fa7-8416-65bae1300c91_ITS_1	NR_172046.1	82.270	564	34	38	41	544	1	558	1.02e-119	427	559	622	464
42fd3091-b3b6-4fa7-8416-65bae1300c91_ITS_1	NR_135346.1	83.301	515	33	30	74	544	29	534	3.66e-119	425	559	598	429
42fd3091-b3b6-4fa7-8416-65bae1300c91_ITS_1	NR_137456.1	83.301	515	33	30	74	544	29	534	3.66e-119	425	559	598	429
42fd3091-b3b6-4fa7-8416-65bae1300c91_ITS_1	NR_131295.1	85.144	451	28	26	128	544	99	544	3.66e-119	425	559	608	384
