99b8e951-60a4-4e74-8ddc-bfddb4e1b523_ITS_1	NR_121481.1	94.850	602	10	14	504	1089	71	667	0.0	920	1089	707	571
99b8e951-60a4-4e74-8ddc-bfddb4e1b523_ITS_1	NR_121481.1	77.905	525	24	42	1	437	71	591	7.84e-64	243	1089	707	409
99b8e951-60a4-4e74-8ddc-bfddb4e1b523_ITS_1	NR_138362.1	94.020	602	13	15	504	1089	57	651	0.0	891	1089	691	566
99b8e951-60a4-4e74-8ddc-bfddb4e1b523_ITS_1	NR_138362.1	77.333	525	27	42	1	437	57	577	7.90e-59	226	1089	691	406
99b8e951-60a4-4e74-8ddc-bfddb4e1b523_ITS_1	NR_171617.1	93.355	602	14	18	504	1089	97	688	0.0	867	1089	728	562
99b8e951-60a4-4e74-8ddc-bfddb4e1b523_ITS_1	NR_171617.1	76.864	523	30	45	1	437	97	614	2.21e-54	211	1089	728	402
99b8e951-60a4-4e74-8ddc-bfddb4e1b523_ITS_1	NR_137479.1	93.825	583	12	16	522	1089	1	574	0.0	856	1089	614	547
99b8e951-60a4-4e74-8ddc-bfddb4e1b523_ITS_1	NR_137479.1	77.849	465	21	43	50	437	41	500	6.15e-55	213	1089	614	362
99b8e951-60a4-4e74-8ddc-bfddb4e1b523_ITS_1	NR_138341.1	92.715	604	19	17	504	1089	113	709	0.0	848	1089	749	560
99b8e951-60a4-4e74-8ddc-bfddb4e1b523_ITS_1	NR_138341.1	76.091	527	32	46	1	437	113	635	1.04e-47	189	1089	749	401
99b8e951-60a4-4e74-8ddc-bfddb4e1b523_ITS_1	NR_135407.1	93.482	583	14	17	522	1089	1	574	0.0	845	1089	614	545
99b8e951-60a4-4e74-8ddc-bfddb4e1b523_ITS_1	NR_135407.1	77.371	464	24	42	50	437	41	499	4.79e-51	200	1089	614	359
99b8e951-60a4-4e74-8ddc-bfddb4e1b523_ITS_1	NR_137489.1	93.310	583	15	16	522	1089	1	574	0.0	839	1089	614	544
99b8e951-60a4-4e74-8ddc-bfddb4e1b523_ITS_1	NR_137489.1	77.419	465	23	43	50	437	41	500	1.33e-51	202	1089	614	360
99b8e951-60a4-4e74-8ddc-bfddb4e1b523_ITS_1	NR_135405.1	93.162	585	16	16	522	1089	1	578	0.0	837	1089	618	545
99b8e951-60a4-4e74-8ddc-bfddb4e1b523_ITS_1	NR_135405.1	77.137	468	23	43	50	437	41	504	2.23e-49	195	1089	618	361
99b8e951-60a4-4e74-8ddc-bfddb4e1b523_ITS_1	NR_135409.1	93.162	585	17	16	522	1089	1	579	0.0	837	1089	619	545
99b8e951-60a4-4e74-8ddc-bfddb4e1b523_ITS_1	NR_135409.1	76.972	469	23	41	50	437	41	505	1.04e-47	189	1089	619	361
99b8e951-60a4-4e74-8ddc-bfddb4e1b523_ITS_1	NR_172047.1	92.270	608	20	23	504	1089	97	699	0.0	837	1089	739	561
99b8e951-60a4-4e74-8ddc-bfddb4e1b523_ITS_1	NR_171616.1	92.131	610	18	23	504	1089	97	700	0.0	833	1089	740	562
99b8e951-60a4-4e74-8ddc-bfddb4e1b523_ITS_1	NR_171616.1	76.271	531	28	48	1	437	97	623	8.01e-49	193	1089	740	405
99b8e951-60a4-4e74-8ddc-bfddb4e1b523_ITS_1	NR_137517.1	92.991	585	17	16	522	1089	1	578	0.0	832	1089	618	544
99b8e951-60a4-4e74-8ddc-bfddb4e1b523_ITS_1	NR_137517.1	77.350	468	22	42	50	437	41	504	4.79e-51	200	1089	618	362
99b8e951-60a4-4e74-8ddc-bfddb4e1b523_ITS_1	NR_171612.1	92.092	607	22	19	504	1089	102	703	0.0	832	1089	743	559
99b8e951-60a4-4e74-8ddc-bfddb4e1b523_ITS_1	NR_135404.1	92.857	588	17	18	522	1089	1	583	0.0	830	1089	623	546
99b8e951-60a4-4e74-8ddc-bfddb4e1b523_ITS_1	NR_135404.1	76.596	470	24	43	50	437	41	506	6.24e-45	180	1089	623	360
99b8e951-60a4-4e74-8ddc-bfddb4e1b523_ITS_1	NR_137482.1	92.845	587	17	18	522	1089	1	581	0.0	828	1089	621	545
99b8e951-60a4-4e74-8ddc-bfddb4e1b523_ITS_1	NR_137482.1	76.546	469	25	44	50	437	41	505	2.24e-44	178	1089	621	359
99b8e951-60a4-4e74-8ddc-bfddb4e1b523_ITS_1	NR_172044.1	91.967	610	19	23	504	1089	16	619	0.0	828	1089	620	561
99b8e951-60a4-4e74-8ddc-bfddb4e1b523_ITS_1	NR_172044.1	76.083	531	29	48	1	437	16	542	3.73e-47	187	1089	620	404
99b8e951-60a4-4e74-8ddc-bfddb4e1b523_ITS_1	NR_172048.1	91.967	610	19	21	504	1089	71	674	0.0	828	1089	714	561
99b8e951-60a4-4e74-8ddc-bfddb4e1b523_ITS_1	NR_172048.1	76.226	530	29	47	1	437	71	596	2.88e-48	191	1089	714	404
99b8e951-60a4-4e74-8ddc-bfddb4e1b523_ITS_1	NR_151816.1	92.808	584	18	16	504	1070	3	579	0.0	824	1089	579	542
99b8e951-60a4-4e74-8ddc-bfddb4e1b523_ITS_1	NR_151816.1	76.236	526	33	47	1	437	3	525	2.23e-49	195	1089	579	401
99b8e951-60a4-4e74-8ddc-bfddb4e1b523_ITS_1	NR_135406.1	92.504	587	19	17	522	1089	1	581	0.0	817	1089	621	543
99b8e951-60a4-4e74-8ddc-bfddb4e1b523_ITS_1	NR_135406.1	76.333	469	26	43	50	437	41	505	1.04e-42	172	1089	621	358
99b8e951-60a4-4e74-8ddc-bfddb4e1b523_ITS_1	NR_135408.1	92.504	587	18	18	522	1089	1	580	0.0	817	1089	620	543
99b8e951-60a4-4e74-8ddc-bfddb4e1b523_ITS_1	NR_135408.1	76.333	469	26	44	50	437	41	505	1.04e-42	172	1089	620	358
99b8e951-60a4-4e74-8ddc-bfddb4e1b523_ITS_1	NR_169980.1	91.612	608	24	23	504	1089	97	699	0.0	815	1089	739	557
99b8e951-60a4-4e74-8ddc-bfddb4e1b523_ITS_1	NR_171618.1	91.612	608	24	22	504	1089	97	699	0.0	815	1089	739	557
99b8e951-60a4-4e74-8ddc-bfddb4e1b523_ITS_1	NR_137488.1	92.360	589	18	19	522	1089	1	583	0.0	813	1089	623	544
99b8e951-60a4-4e74-8ddc-bfddb4e1b523_ITS_1	NR_137488.1	76.546	469	25	44	50	437	42	506	2.24e-44	178	1089	623	359
99b8e951-60a4-4e74-8ddc-bfddb4e1b523_ITS_1	NR_137483.1	92.203	590	19	19	522	1089	1	585	0.0	809	1089	625	544
99b8e951-60a4-4e74-8ddc-bfddb4e1b523_ITS_1	NR_137485.1	92.203	590	18	20	522	1089	1	584	0.0	809	1089	624	544
99b8e951-60a4-4e74-8ddc-bfddb4e1b523_ITS_1	NR_137485.1	76.645	471	23	44	50	437	41	507	6.24e-45	180	1089	624	361
99b8e951-60a4-4e74-8ddc-bfddb4e1b523_ITS_1	NR_137486.1	92.217	591	17	22	522	1089	1	585	0.0	809	1089	625	545
99b8e951-60a4-4e74-8ddc-bfddb4e1b523_ITS_1	NR_137486.1	76.695	472	22	45	50	437	41	508	1.73e-45	182	1089	625	362
99b8e951-60a4-4e74-8ddc-bfddb4e1b523_ITS_1	NR_151815.1	92.190	589	18	20	504	1070	3	585	0.0	808	1089	585	543
99b8e951-60a4-4e74-8ddc-bfddb4e1b523_ITS_1	NR_151815.1	76.226	530	29	47	1	437	3	528	2.88e-48	191	1089	585	404
99b8e951-60a4-4e74-8ddc-bfddb4e1b523_ITS_1	NR_191334.1	92.308	585	20	17	504	1070	71	648	0.0	808	1089	648	540
99b8e951-60a4-4e74-8ddc-bfddb4e1b523_ITS_1	NR_191334.1	76.281	527	31	46	1	437	71	593	2.23e-49	195	1089	648	402
99b8e951-60a4-4e74-8ddc-bfddb4e1b523_ITS_1	NR_137490.1	92.034	590	19	20	522	1089	1	584	0.0	804	1089	624	543
99b8e951-60a4-4e74-8ddc-bfddb4e1b523_ITS_1	NR_137490.1	76.433	471	24	44	50	437	41	507	2.90e-43	174	1089	624	360
99b8e951-60a4-4e74-8ddc-bfddb4e1b523_ITS_1	NR_137443.1	93.073	563	15	16	522	1070	1	553	0.0	802	1089	553	524
99b8e951-60a4-4e74-8ddc-bfddb4e1b523_ITS_1	NR_137443.1	77.371	464	24	42	50	437	41	499	4.79e-51	200	1089	553	359
99b8e951-60a4-4e74-8ddc-bfddb4e1b523_ITS_1	NR_137480.1	92.007	588	20	19	522	1089	1	581	0.0	800	1089	621	541
99b8e951-60a4-4e74-8ddc-bfddb4e1b523_ITS_1	NR_137480.1	75.957	470	27	44	50	437	41	506	6.28e-40	163	1089	621	357
99b8e951-60a4-4e74-8ddc-bfddb4e1b523_ITS_1	NR_137484.1	91.864	590	22	19	522	1089	1	586	0.0	800	1089	626	542
99b8e951-60a4-4e74-8ddc-bfddb4e1b523_ITS_1	NR_135437.1	92.110	583	21	17	528	1089	1	579	0.0	798	1089	619	537
99b8e951-60a4-4e74-8ddc-bfddb4e1b523_ITS_1	NR_135412.1	91.837	588	23	22	522	1089	1	583	0.0	797	1089	623	540
99b8e951-60a4-4e74-8ddc-bfddb4e1b523_ITS_1	NR_135412.1	76.170	470	26	42	50	437	41	506	1.35e-41	169	1089	623	358
99b8e951-60a4-4e74-8ddc-bfddb4e1b523_ITS_1	NR_137481.1	91.809	586	25	14	522	1089	1	581	0.0	795	1089	621	538
99b8e951-60a4-4e74-8ddc-bfddb4e1b523_ITS_1	NR_137481.1	75.906	469	27	43	50	436	41	505	2.26e-39	161	1089	621	356
99b8e951-60a4-4e74-8ddc-bfddb4e1b523_ITS_1	NR_121482.1	90.774	607	28	23	504	1089	71	670	0.0	785	1089	710	551
99b8e951-60a4-4e74-8ddc-bfddb4e1b523_ITS_1	NR_121482.1	74.811	528	37	49	1	436	71	594	4.89e-36	150	1089	710	395
99b8e951-60a4-4e74-8ddc-bfddb4e1b523_ITS_1	NR_172366.1	92.267	569	18	18	522	1070	1	563	0.0	784	1089	563	525
99b8e951-60a4-4e74-8ddc-bfddb4e1b523_ITS_1	NR_172366.1	76.221	471	25	43	50	437	41	507	1.35e-41	169	1089	563	359
99b8e951-60a4-4e74-8ddc-bfddb4e1b523_ITS_1	NR_171609.1	90.594	606	31	21	504	1089	102	701	0.0	780	1089	741	549
99b8e951-60a4-4e74-8ddc-bfddb4e1b523_ITS_1	NR_171609.1	74.811	528	37	48	1	436	102	625	4.89e-36	150	1089	741	395
99b8e951-60a4-4e74-8ddc-bfddb4e1b523_ITS_1	NR_135410.1	90.832	589	28	21	522	1089	1	584	0.0	765	1089	624	535
99b8e951-60a4-4e74-8ddc-bfddb4e1b523_ITS_1	NR_135410.1	75.372	471	28	47	50	436	41	507	6.33e-35	147	1089	624	355
99b8e951-60a4-4e74-8ddc-bfddb4e1b523_ITS_1	NR_137515.1	92.505	547	16	18	563	1089	1	542	0.0	760	1089	582	506
99b8e951-60a4-4e74-8ddc-bfddb4e1b523_ITS_1	NR_137515.1	76.559	465	26	46	54	437	3	465	2.24e-44	178	1089	582	356
99b8e951-60a4-4e74-8ddc-bfddb4e1b523_ITS_1	NR_135411.1	90.662	589	29	21	522	1089	1	584	0.0	760	1089	624	534
99b8e951-60a4-4e74-8ddc-bfddb4e1b523_ITS_1	NR_135411.1	75.159	471	29	47	50	436	41	507	2.94e-33	141	1089	624	354
99b8e951-60a4-4e74-8ddc-bfddb4e1b523_ITS_1	NR_135403.1	90.492	589	30	21	522	1089	1	584	0.0	754	1089	624	533
99b8e951-60a4-4e74-8ddc-bfddb4e1b523_ITS_1	NR_135403.1	74.947	471	30	47	50	436	41	507	1.37e-31	135	1089	624	353
99b8e951-60a4-4e74-8ddc-bfddb4e1b523_ITS_1	NR_151782.1	91.892	555	18	21	557	1089	1	550	0.0	750	1089	590	510
99b8e951-60a4-4e74-8ddc-bfddb4e1b523_ITS_1	NR_151782.1	76.059	472	25	41	50	437	6	473	1.75e-40	165	1089	590	359
99b8e951-60a4-4e74-8ddc-bfddb4e1b523_ITS_1	NR_135438.1	91.697	554	21	17	557	1089	1	550	0.0	745	1089	590	508
99b8e951-60a4-4e74-8ddc-bfddb4e1b523_ITS_1	NR_137516.1	91.956	547	19	18	563	1089	1	542	0.0	743	1089	582	503
99b8e951-60a4-4e74-8ddc-bfddb4e1b523_ITS_1	NR_190236.1	91.547	556	22	17	546	1081	1	551	0.0	743	1089	552	509
99b8e951-60a4-4e74-8ddc-bfddb4e1b523_ITS_1	NR_190236.1	75.424	472	28	48	50	437	16	483	1.76e-35	148	1089	552	356
99b8e951-60a4-4e74-8ddc-bfddb4e1b523_ITS_1	NR_135436.1	91.803	549	18	21	563	1089	1	544	0.0	739	1089	584	504
99b8e951-60a4-4e74-8ddc-bfddb4e1b523_ITS_1	NR_135436.1	76.068	468	25	40	54	437	3	467	6.28e-40	163	1089	584	356
99b8e951-60a4-4e74-8ddc-bfddb4e1b523_ITS_1	NR_137514.1	91.803	549	18	18	563	1089	1	544	0.0	739	1089	584	504
99b8e951-60a4-4e74-8ddc-bfddb4e1b523_ITS_1	NR_137514.1	76.017	467	26	42	54	437	3	466	6.28e-40	163	1089	584	355
99b8e951-60a4-4e74-8ddc-bfddb4e1b523_ITS_1	NR_151792.1	89.404	604	32	25	504	1089	87	676	0.0	732	1089	716	540
99b8e951-60a4-4e74-8ddc-bfddb4e1b523_ITS_1	NR_151792.1	75.822	517	39	48	1	436	87	598	4.82e-46	183	1089	716	392
99b8e951-60a4-4e74-8ddc-bfddb4e1b523_ITS_1	NR_153220.1	89.810	579	37	17	522	1089	1	568	0.0	723	1089	608	520
99b8e951-60a4-4e74-8ddc-bfddb4e1b523_ITS_1	NR_153220.1	75.109	458	39	46	50	436	41	494	2.28e-34	145	1089	608	344
99b8e951-60a4-4e74-8ddc-bfddb4e1b523_ITS_1	NR_144845.1	89.203	602	30	27	504	1089	59	641	0.0	719	1089	681	537
99b8e951-60a4-4e74-8ddc-bfddb4e1b523_ITS_1	NR_144845.1	74.755	511	49	48	1	435	59	565	1.05e-37	156	1089	681	382
99b8e951-60a4-4e74-8ddc-bfddb4e1b523_ITS_1	NR_158821.1	89.185	601	32	27	504	1089	1	583	0.0	719	1089	583	536
99b8e951-60a4-4e74-8ddc-bfddb4e1b523_ITS_1	NR_158821.1	74.854	513	48	47	1	437	1	508	2.92e-38	158	1089	583	384
99b8e951-60a4-4e74-8ddc-bfddb4e1b523_ITS_1	NR_153225.1	89.691	582	33	21	522	1089	1	569	0.0	717	1089	609	522
99b8e951-60a4-4e74-8ddc-bfddb4e1b523_ITS_1	NR_153225.1	75.546	458	37	39	50	436	41	494	1.05e-37	156	1089	609	346
99b8e951-60a4-4e74-8ddc-bfddb4e1b523_ITS_1	NR_153244.1	89.691	582	33	21	522	1089	1	569	0.0	717	1089	609	522
99b8e951-60a4-4e74-8ddc-bfddb4e1b523_ITS_1	NR_153244.1	75.546	458	37	39	50	436	41	494	1.05e-37	156	1089	609	346
99b8e951-60a4-4e74-8ddc-bfddb4e1b523_ITS_1	NR_145176.1	89.691	582	33	21	522	1089	1	569	0.0	717	1089	609	522
99b8e951-60a4-4e74-8ddc-bfddb4e1b523_ITS_1	NR_145176.1	75.328	458	38	38	50	436	41	494	4.89e-36	150	1089	609	345
99b8e951-60a4-4e74-8ddc-bfddb4e1b523_ITS_1	NR_145178.1	89.673	581	35	20	522	1089	1	569	0.0	717	1089	609	521
99b8e951-60a4-4e74-8ddc-bfddb4e1b523_ITS_1	NR_145178.1	75.546	458	37	39	50	436	41	494	1.05e-37	156	1089	609	346
99b8e951-60a4-4e74-8ddc-bfddb4e1b523_ITS_1	NR_145177.1	89.537	583	33	22	522	1089	1	570	0.0	713	1089	610	522
99b8e951-60a4-4e74-8ddc-bfddb4e1b523_ITS_1	NR_145177.1	75.546	458	37	39	50	436	41	494	1.05e-37	156	1089	610	346
99b8e951-60a4-4e74-8ddc-bfddb4e1b523_ITS_1	NR_153223.1	89.519	582	34	21	522	1089	1	569	0.0	712	1089	609	521
99b8e951-60a4-4e74-8ddc-bfddb4e1b523_ITS_1	NR_153223.1	75.328	458	38	39	50	436	41	494	4.89e-36	150	1089	609	345
99b8e951-60a4-4e74-8ddc-bfddb4e1b523_ITS_1	NR_158820.1	88.833	600	40	21	504	1089	1	587	0.0	712	1089	587	533
99b8e951-60a4-4e74-8ddc-bfddb4e1b523_ITS_1	NR_158820.1	74.806	516	47	44	1	437	1	512	1.05e-37	156	1089	587	386
99b8e951-60a4-4e74-8ddc-bfddb4e1b523_ITS_1	NR_169981.1	88.852	601	37	24	504	1089	114	699	0.0	712	1089	739	534
99b8e951-60a4-4e74-8ddc-bfddb4e1b523_ITS_1	NR_169981.1	73.658	596	54	63	1	503	114	699	1.37e-31	135	1089	739	439
99b8e951-60a4-4e74-8ddc-bfddb4e1b523_ITS_1	NR_163675.1	88.870	602	33	27	504	1089	88	671	0.0	710	1089	711	535
99b8e951-60a4-4e74-8ddc-bfddb4e1b523_ITS_1	NR_163675.1	74.690	403	43	37	1	349	88	485	2.96e-28	124	1089	711	301
99b8e951-60a4-4e74-8ddc-bfddb4e1b523_ITS_1	NR_163678.1	88.852	601	35	25	504	1089	69	652	0.0	710	1089	692	534
99b8e951-60a4-4e74-8ddc-bfddb4e1b523_ITS_1	NR_163678.1	74.168	511	50	49	1	434	69	574	3.81e-32	137	1089	692	379
99b8e951-60a4-4e74-8ddc-bfddb4e1b523_ITS_1	NR_171585.1	88.852	601	35	25	504	1089	1	584	0.0	710	1089	584	534
99b8e951-60a4-4e74-8ddc-bfddb4e1b523_ITS_1	NR_171585.1	73.777	511	52	49	1	434	1	506	8.24e-29	126	1089	584	377
99b8e951-60a4-4e74-8ddc-bfddb4e1b523_ITS_1	NR_077155.1	88.686	601	36	25	504	1089	1	584	0.0	704	1089	608	533
99b8e951-60a4-4e74-8ddc-bfddb4e1b523_ITS_1	NR_077155.1	73.581	511	53	49	1	434	1	506	3.83e-27	121	1089	608	376
99b8e951-60a4-4e74-8ddc-bfddb4e1b523_ITS_1	NR_171588.1	88.686	601	37	24	504	1089	1	585	0.0	704	1089	585	533
99b8e951-60a4-4e74-8ddc-bfddb4e1b523_ITS_1	NR_171588.1	73.581	511	53	49	1	434	1	506	3.83e-27	121	1089	585	376
99b8e951-60a4-4e74-8ddc-bfddb4e1b523_ITS_1	NR_137518.1	90.000	560	30	21	549	1089	1	553	0.0	701	1089	553	504
99b8e951-60a4-4e74-8ddc-bfddb4e1b523_ITS_1	NR_137518.1	76.010	396	24	34	109	436	85	477	1.06e-32	139	1089	553	301
99b8e951-60a4-4e74-8ddc-bfddb4e1b523_ITS_1	NR_145175.1	89.212	584	32	25	522	1089	1	569	0.0	701	1089	609	521
99b8e951-60a4-4e74-8ddc-bfddb4e1b523_ITS_1	NR_145175.1	74.891	458	40	39	50	436	41	494	1.06e-32	139	1089	609	343
99b8e951-60a4-4e74-8ddc-bfddb4e1b523_ITS_1	NR_185789.1	89.116	588	29	26	504	1075	71	639	0.0	699	1089	639	524
99b8e951-60a4-4e74-8ddc-bfddb4e1b523_ITS_1	NR_185789.1	74.755	511	49	48	1	435	71	577	1.05e-37	156	1089	639	382
99b8e951-60a4-4e74-8ddc-bfddb4e1b523_ITS_1	NR_151822.1	88.795	589	38	22	516	1089	1	576	0.0	697	1089	616	523
99b8e951-60a4-4e74-8ddc-bfddb4e1b523_ITS_1	NR_151822.1	76.201	458	34	47	50	436	47	500	1.04e-42	172	1089	616	349
99b8e951-60a4-4e74-8ddc-bfddb4e1b523_ITS_1	NR_121237.1	89.231	585	26	30	522	1089	1	565	0.0	697	1089	605	522
99b8e951-60a4-4e74-8ddc-bfddb4e1b523_ITS_1	NR_121237.1	75.000	452	43	45	50	435	41	488	2.28e-34	145	1089	605	339
99b8e951-60a4-4e74-8ddc-bfddb4e1b523_ITS_1	NR_121239.1	89.194	583	30	26	522	1089	1	565	0.0	697	1089	605	520
99b8e951-60a4-4e74-8ddc-bfddb4e1b523_ITS_1	NR_121239.1	74.614	453	44	45	50	435	41	489	4.92e-31	134	1089	605	338
99b8e951-60a4-4e74-8ddc-bfddb4e1b523_ITS_1	NR_121240.1	89.249	586	24	29	522	1089	1	565	0.0	697	1089	605	523
99b8e951-60a4-4e74-8ddc-bfddb4e1b523_ITS_1	NR_121240.1	75.442	452	41	45	50	435	41	488	1.05e-37	156	1089	605	341
99b8e951-60a4-4e74-8ddc-bfddb4e1b523_ITS_1	NR_172046.1	88.814	590	35	25	523	1089	1	582	0.0	695	1089	622	524
99b8e951-60a4-4e74-8ddc-bfddb4e1b523_ITS_1	NR_172046.1	74.573	468	35	47	50	437	40	503	2.29e-29	128	1089	622	349
99b8e951-60a4-4e74-8ddc-bfddb4e1b523_ITS_1	NR_121236.1	89.003	582	33	24	522	1089	1	565	0.0	691	1089	605	518
99b8e951-60a4-4e74-8ddc-bfddb4e1b523_ITS_1	NR_121236.1	74.336	452	44	46	50	434	41	487	8.24e-29	126	1089	605	336
99b8e951-60a4-4e74-8ddc-bfddb4e1b523_ITS_1	NR_121511.1	88.303	607	31	32	504	1089	67	654	0.0	691	1089	694	536
99b8e951-60a4-4e74-8ddc-bfddb4e1b523_ITS_1	NR_121511.1	73.359	518	51	51	1	437	67	578	2.31e-24	111	1089	694	380
99b8e951-60a4-4e74-8ddc-bfddb4e1b523_ITS_1	NR_198463.1	89.119	579	31	25	516	1079	2	563	0.0	691	1089	563	516
99b8e951-60a4-4e74-8ddc-bfddb4e1b523_ITS_1	NR_198463.1	74.403	461	39	50	50	437	46	500	2.96e-28	124	1089	563	343
99b8e951-60a4-4e74-8ddc-bfddb4e1b523_ITS_1	NR_135345.1	89.418	567	33	22	534	1086	1	554	0.0	689	1089	597	507
99b8e951-60a4-4e74-8ddc-bfddb4e1b523_ITS_1	NR_135345.1	76.149	457	35	46	50	436	29	481	1.04e-42	172	1089	597	348
99b8e951-60a4-4e74-8ddc-bfddb4e1b523_ITS_1	NR_158827.1	88.552	594	32	28	504	1078	1	577	0.0	688	1089	577	526
99b8e951-60a4-4e74-8ddc-bfddb4e1b523_ITS_1	NR_158827.1	74.710	518	45	52	1	437	1	513	1.36e-36	152	1089	577	387
99b8e951-60a4-4e74-8ddc-bfddb4e1b523_ITS_1	NR_121234.1	88.832	582	35	23	522	1089	1	566	0.0	688	1089	606	517
99b8e951-60a4-4e74-8ddc-bfddb4e1b523_ITS_1	NR_121234.1	73.894	452	46	46	50	434	41	487	1.78e-25	115	1089	606	334
99b8e951-60a4-4e74-8ddc-bfddb4e1b523_ITS_1	NR_135382.1	89.180	573	31	24	534	1089	1	559	0.0	686	1089	599	511
99b8e951-60a4-4e74-8ddc-bfddb4e1b523_ITS_1	NR_135382.1	76.201	458	33	45	50	436	29	481	1.04e-42	172	1089	599	349
99b8e951-60a4-4e74-8ddc-bfddb4e1b523_ITS_1	NR_135383.1	89.180	573	31	24	534	1089	1	559	0.0	686	1089	599	511
99b8e951-60a4-4e74-8ddc-bfddb4e1b523_ITS_1	NR_135383.1	76.201	458	33	45	50	436	29	481	1.04e-42	172	1089	599	349
99b8e951-60a4-4e74-8ddc-bfddb4e1b523_ITS_1	NR_121235.1	88.832	582	34	24	522	1089	1	565	0.0	686	1089	605	517
99b8e951-60a4-4e74-8ddc-bfddb4e1b523_ITS_1	NR_121235.1	73.894	452	46	46	50	434	41	487	1.78e-25	115	1089	605	334
99b8e951-60a4-4e74-8ddc-bfddb4e1b523_ITS_1	NR_121244.1	88.832	582	34	24	522	1089	1	565	0.0	686	1089	605	517
99b8e951-60a4-4e74-8ddc-bfddb4e1b523_ITS_1	NR_121244.1	73.894	452	46	46	50	434	41	487	1.78e-25	115	1089	605	334
99b8e951-60a4-4e74-8ddc-bfddb4e1b523_ITS_1	NR_121515.1	88.079	604	38	30	504	1089	67	654	0.0	686	1089	694	532
99b8e951-60a4-4e74-8ddc-bfddb4e1b523_ITS_1	NR_121515.1	73.204	515	56	47	1	437	67	577	2.31e-24	111	1089	694	377
99b8e951-60a4-4e74-8ddc-bfddb4e1b523_ITS_1	NR_135384.1	89.024	574	31	25	534	1089	1	560	0.0	682	1089	600	511
99b8e951-60a4-4e74-8ddc-bfddb4e1b523_ITS_1	NR_135384.1	76.201	458	33	45	50	436	29	481	1.04e-42	172	1089	600	349
99b8e951-60a4-4e74-8ddc-bfddb4e1b523_ITS_1	NR_138278.1	89.142	571	28	26	534	1089	1	552	0.0	680	1089	592	509
99b8e951-60a4-4e74-8ddc-bfddb4e1b523_ITS_1	NR_138278.1	75.000	452	43	45	50	435	29	476	2.28e-34	145	1089	592	339
99b8e951-60a4-4e74-8ddc-bfddb4e1b523_ITS_1	NR_121516.1	87.934	605	38	29	504	1089	67	655	0.0	680	1089	695	532
99b8e951-60a4-4e74-8ddc-bfddb4e1b523_ITS_1	NR_121516.1	73.256	516	55	47	1	437	67	578	2.31e-24	111	1089	695	378
99b8e951-60a4-4e74-8ddc-bfddb4e1b523_ITS_1	NR_103658.1	87.954	606	34	31	504	1089	1	587	0.0	678	1089	587	533
99b8e951-60a4-4e74-8ddc-bfddb4e1b523_ITS_1	NR_103658.1	73.114	517	53	50	1	437	1	511	1.07e-22	106	1089	587	378
99b8e951-60a4-4e74-8ddc-bfddb4e1b523_ITS_1	NR_121518.1	87.954	606	34	31	504	1089	65	651	0.0	678	1089	691	533
99b8e951-60a4-4e74-8ddc-bfddb4e1b523_ITS_1	NR_121518.1	73.114	517	53	50	1	437	65	575	1.07e-22	106	1089	691	378
99b8e951-60a4-4e74-8ddc-bfddb4e1b523_ITS_1	NR_103657.2	88.060	603	32	30	504	1089	67	646	0.0	678	1089	686	531
99b8e951-60a4-4e74-8ddc-bfddb4e1b523_ITS_1	NR_103657.2	73.622	508	58	47	1	437	67	569	8.24e-29	126	1089	686	374
99b8e951-60a4-4e74-8ddc-bfddb4e1b523_ITS_1	NR_177474.1	88.435	588	34	24	504	1078	14	580	0.0	678	1089	581	520
99b8e951-60a4-4e74-8ddc-bfddb4e1b523_ITS_1	NR_177474.1	74.460	509	54	46	1	437	14	518	4.89e-36	150	1089	581	379
99b8e951-60a4-4e74-8ddc-bfddb4e1b523_ITS_1	NR_144827.1	88.831	573	34	23	522	1081	1	556	0.0	676	1089	557	509
99b8e951-60a4-4e74-8ddc-bfddb4e1b523_ITS_1	NR_144827.1	74.336	452	44	46	50	434	41	487	8.24e-29	126	1089	557	336
99b8e951-60a4-4e74-8ddc-bfddb4e1b523_ITS_1	NR_144829.1	88.831	573	34	23	522	1081	1	556	0.0	676	1089	557	509
99b8e951-60a4-4e74-8ddc-bfddb4e1b523_ITS_1	NR_144829.1	74.336	452	44	46	50	434	41	487	8.24e-29	126	1089	557	336
99b8e951-60a4-4e74-8ddc-bfddb4e1b523_ITS_1	NR_153209.1	88.831	573	34	23	522	1081	1	556	0.0	676	1089	557	509
99b8e951-60a4-4e74-8ddc-bfddb4e1b523_ITS_1	NR_153209.1	74.336	452	44	46	50	434	41	487	8.24e-29	126	1089	557	336
99b8e951-60a4-4e74-8ddc-bfddb4e1b523_ITS_1	NR_144830.1	88.831	573	33	24	522	1081	1	555	0.0	675	1089	556	509
99b8e951-60a4-4e74-8ddc-bfddb4e1b523_ITS_1	NR_144830.1	74.723	451	43	46	50	434	41	486	1.37e-31	135	1089	556	337
99b8e951-60a4-4e74-8ddc-bfddb4e1b523_ITS_1	NR_198462.1	88.660	582	29	28	516	1079	2	564	0.0	675	1089	564	516
99b8e951-60a4-4e74-8ddc-bfddb4e1b523_ITS_1	NR_198462.1	77.899	276	12	26	209	437	228	501	8.24e-29	126	1089	564	215
99b8e951-60a4-4e74-8ddc-bfddb4e1b523_ITS_1	NR_077156.1	87.789	606	35	31	504	1089	1	587	0.0	673	1089	611	532
99b8e951-60a4-4e74-8ddc-bfddb4e1b523_ITS_1	NR_077156.1	73.114	517	53	50	1	437	1	511	1.07e-22	106	1089	611	378
99b8e951-60a4-4e74-8ddc-bfddb4e1b523_ITS_1	NR_121509.1	87.789	606	35	31	504	1089	67	653	0.0	673	1089	693	532
99b8e951-60a4-4e74-8ddc-bfddb4e1b523_ITS_1	NR_121509.1	73.114	517	53	50	1	437	67	577	1.07e-22	106	1089	693	378
99b8e951-60a4-4e74-8ddc-bfddb4e1b523_ITS_1	NR_198464.1	88.679	583	24	30	516	1079	2	561	0.0	673	1089	561	517
99b8e951-60a4-4e74-8ddc-bfddb4e1b523_ITS_1	NR_198464.1	74.891	458	41	47	50	437	46	499	2.94e-33	141	1089	561	343
99b8e951-60a4-4e74-8ddc-bfddb4e1b523_ITS_1	NR_156333.1	88.356	584	35	24	504	1075	3	565	0.0	671	1089	565	516
99b8e951-60a4-4e74-8ddc-bfddb4e1b523_ITS_1	NR_156333.1	75.397	504	50	42	1	434	3	502	8.07e-44	176	1089	565	380
