9cdaab46-af7e-409a-a00a-8f6be9d54ec6_ITS_1	NR_137848.1	78.186	463	45	34	93	508	104	557	9.95e-65	244	508	597	362
9cdaab46-af7e-409a-a00a-8f6be9d54ec6_ITS_1	NR_137738.1	78.065	465	44	33	93	508	97	552	1.29e-63	241	508	592	363
9cdaab46-af7e-409a-a00a-8f6be9d54ec6_ITS_1	NR_137849.1	77.970	463	47	33	93	508	104	558	4.63e-63	239	508	598	361
9cdaab46-af7e-409a-a00a-8f6be9d54ec6_ITS_1	NR_121481.1	89.231	195	12	8	93	278	200	394	5.99e-62	235	508	707	174
9cdaab46-af7e-409a-a00a-8f6be9d54ec6_ITS_1	NR_121481.1	87.374	198	11	10	322	508	473	667	7.80e-56	215	508	707	173
9cdaab46-af7e-409a-a00a-8f6be9d54ec6_ITS_1	NR_145139.1	77.802	464	48	31	93	508	104	560	5.99e-62	235	508	600	361
9cdaab46-af7e-409a-a00a-8f6be9d54ec6_ITS_1	NR_137485.1	88.776	196	12	8	93	278	112	307	7.75e-61	231	508	624	174
9cdaab46-af7e-409a-a00a-8f6be9d54ec6_ITS_1	NR_137485.1	85.484	186	11	10	334	508	404	584	2.85e-45	180	508	624	159
9cdaab46-af7e-409a-a00a-8f6be9d54ec6_ITS_1	NR_137515.1	88.776	196	12	8	93	278	71	266	7.75e-61	231	508	582	174
9cdaab46-af7e-409a-a00a-8f6be9d54ec6_ITS_1	NR_137515.1	85.165	182	14	9	336	508	365	542	1.32e-43	174	508	582	155
9cdaab46-af7e-409a-a00a-8f6be9d54ec6_ITS_1	NR_137486.1	88.776	196	12	8	93	278	113	308	7.75e-61	231	508	625	174
9cdaab46-af7e-409a-a00a-8f6be9d54ec6_ITS_1	NR_137486.1	85.484	186	11	10	334	508	405	585	2.85e-45	180	508	625	159
9cdaab46-af7e-409a-a00a-8f6be9d54ec6_ITS_1	NR_151815.1	88.776	196	12	8	93	278	133	328	7.75e-61	231	508	585	174
9cdaab46-af7e-409a-a00a-8f6be9d54ec6_ITS_1	NR_171616.1	88.776	196	12	8	93	278	228	423	7.75e-61	231	508	740	174
9cdaab46-af7e-409a-a00a-8f6be9d54ec6_ITS_1	NR_171616.1	85.484	186	11	10	334	508	520	700	2.85e-45	180	508	740	159
9cdaab46-af7e-409a-a00a-8f6be9d54ec6_ITS_1	NR_172044.1	88.776	196	12	8	93	278	147	342	7.75e-61	231	508	620	174
9cdaab46-af7e-409a-a00a-8f6be9d54ec6_ITS_1	NR_172044.1	85.484	186	11	10	334	508	439	619	2.85e-45	180	508	620	159
9cdaab46-af7e-409a-a00a-8f6be9d54ec6_ITS_1	NR_172048.1	88.776	196	12	8	93	278	201	396	7.75e-61	231	508	714	174
9cdaab46-af7e-409a-a00a-8f6be9d54ec6_ITS_1	NR_172048.1	85.027	187	11	10	334	508	493	674	1.32e-43	174	508	714	159
9cdaab46-af7e-409a-a00a-8f6be9d54ec6_ITS_1	NR_135405.1	88.718	195	13	7	93	278	111	305	2.79e-60	230	508	618	173
9cdaab46-af7e-409a-a00a-8f6be9d54ec6_ITS_1	NR_135405.1	86.740	181	14	8	334	508	402	578	3.65e-49	193	508	618	157
9cdaab46-af7e-409a-a00a-8f6be9d54ec6_ITS_1	NR_135409.1	87.143	210	18	7	78	278	97	306	2.79e-60	230	508	619	183
9cdaab46-af7e-409a-a00a-8f6be9d54ec6_ITS_1	NR_135409.1	86.740	181	14	8	334	508	403	579	3.65e-49	193	508	619	157
9cdaab46-af7e-409a-a00a-8f6be9d54ec6_ITS_1	NR_136948.1	88.718	195	13	7	93	278	100	294	2.79e-60	230	508	505	173
9cdaab46-af7e-409a-a00a-8f6be9d54ec6_ITS_1	NR_137443.1	88.718	195	13	7	93	278	111	305	2.79e-60	230	508	553	173
9cdaab46-af7e-409a-a00a-8f6be9d54ec6_ITS_1	NR_137479.1	88.718	195	13	7	93	278	111	305	2.79e-60	230	508	614	173
9cdaab46-af7e-409a-a00a-8f6be9d54ec6_ITS_1	NR_137479.1	86.598	194	16	8	322	508	384	574	4.69e-53	206	508	614	168
9cdaab46-af7e-409a-a00a-8f6be9d54ec6_ITS_1	NR_137489.1	88.718	195	13	7	93	278	111	305	2.79e-60	230	508	614	173
9cdaab46-af7e-409a-a00a-8f6be9d54ec6_ITS_1	NR_137489.1	85.572	201	16	9	317	508	378	574	7.86e-51	198	508	614	172
9cdaab46-af7e-409a-a00a-8f6be9d54ec6_ITS_1	NR_138362.1	88.718	195	13	7	93	278	186	380	2.79e-60	230	508	691	173
9cdaab46-af7e-409a-a00a-8f6be9d54ec6_ITS_1	NR_138362.1	86.224	196	15	10	322	508	459	651	6.07e-52	202	508	691	169
9cdaab46-af7e-409a-a00a-8f6be9d54ec6_ITS_1	NR_135407.1	88.718	195	13	7	93	278	111	305	2.79e-60	230	508	614	173
9cdaab46-af7e-409a-a00a-8f6be9d54ec6_ITS_1	NR_137442.1	88.718	195	13	7	93	278	100	294	2.79e-60	230	508	510	173
9cdaab46-af7e-409a-a00a-8f6be9d54ec6_ITS_1	NR_137517.1	88.718	195	13	7	93	278	111	305	2.79e-60	230	508	618	173
9cdaab46-af7e-409a-a00a-8f6be9d54ec6_ITS_1	NR_137517.1	86.188	181	16	7	334	508	401	578	1.70e-47	187	508	618	156
9cdaab46-af7e-409a-a00a-8f6be9d54ec6_ITS_1	NR_151816.1	88.718	195	13	7	93	278	132	326	2.79e-60	230	508	579	173
9cdaab46-af7e-409a-a00a-8f6be9d54ec6_ITS_1	NR_154738.1	88.718	195	13	7	93	278	69	263	2.79e-60	230	508	474	173
9cdaab46-af7e-409a-a00a-8f6be9d54ec6_ITS_1	NR_171617.1	88.718	195	13	7	93	278	226	420	2.79e-60	230	508	728	173
9cdaab46-af7e-409a-a00a-8f6be9d54ec6_ITS_1	NR_171617.1	86.000	200	16	9	317	508	493	688	1.69e-52	204	508	728	172
9cdaab46-af7e-409a-a00a-8f6be9d54ec6_ITS_1	NR_191334.1	88.718	195	13	7	93	278	200	394	2.79e-60	230	508	648	173
9cdaab46-af7e-409a-a00a-8f6be9d54ec6_ITS_1	NR_137612.1	77.538	463	48	34	93	508	104	557	1.00e-59	228	508	597	359
9cdaab46-af7e-409a-a00a-8f6be9d54ec6_ITS_1	NR_137850.1	77.538	463	48	31	93	508	104	557	1.00e-59	228	508	597	359
9cdaab46-af7e-409a-a00a-8f6be9d54ec6_ITS_1	NR_135406.1	88.265	196	13	8	93	278	111	306	3.60e-59	226	508	621	173
9cdaab46-af7e-409a-a00a-8f6be9d54ec6_ITS_1	NR_135406.1	85.792	183	14	10	334	508	403	581	2.20e-46	183	508	621	157
9cdaab46-af7e-409a-a00a-8f6be9d54ec6_ITS_1	NR_131310.1	88.265	196	13	8	93	278	103	298	3.60e-59	226	508	515	173
9cdaab46-af7e-409a-a00a-8f6be9d54ec6_ITS_1	NR_135404.1	88.265	196	13	8	93	278	112	307	3.60e-59	226	508	623	173
9cdaab46-af7e-409a-a00a-8f6be9d54ec6_ITS_1	NR_135404.1	86.413	184	12	9	334	508	404	583	4.73e-48	189	508	623	159
9cdaab46-af7e-409a-a00a-8f6be9d54ec6_ITS_1	NR_137480.1	88.265	196	13	8	93	278	111	306	3.60e-59	226	508	621	173
9cdaab46-af7e-409a-a00a-8f6be9d54ec6_ITS_1	NR_137480.1	85.165	182	16	9	334	508	404	581	3.68e-44	176	508	621	155
9cdaab46-af7e-409a-a00a-8f6be9d54ec6_ITS_1	NR_137490.1	88.265	196	13	8	93	278	112	307	3.60e-59	226	508	624	173
9cdaab46-af7e-409a-a00a-8f6be9d54ec6_ITS_1	NR_137490.1	85.484	186	11	10	334	508	404	584	2.85e-45	180	508	624	159
9cdaab46-af7e-409a-a00a-8f6be9d54ec6_ITS_1	NR_172047.1	88.265	196	13	8	93	278	228	423	3.60e-59	226	508	739	173
9cdaab46-af7e-409a-a00a-8f6be9d54ec6_ITS_1	NR_172047.1	85.326	184	14	9	334	508	520	699	1.02e-44	178	508	739	157
9cdaab46-af7e-409a-a00a-8f6be9d54ec6_ITS_1	NR_138341.1	88.205	195	14	7	93	278	242	436	1.30e-58	224	508	749	172
9cdaab46-af7e-409a-a00a-8f6be9d54ec6_ITS_1	NR_138341.1	86.740	181	14	8	334	508	533	709	3.65e-49	193	508	749	157
9cdaab46-af7e-409a-a00a-8f6be9d54ec6_ITS_1	NR_135408.1	87.755	196	14	8	93	278	111	306	1.68e-57	220	508	620	172
9cdaab46-af7e-409a-a00a-8f6be9d54ec6_ITS_1	NR_135408.1	85.128	195	16	11	322	508	391	580	1.70e-47	187	508	620	166
9cdaab46-af7e-409a-a00a-8f6be9d54ec6_ITS_1	NR_137482.1	87.755	196	14	8	93	278	111	306	1.68e-57	220	508	621	172
9cdaab46-af7e-409a-a00a-8f6be9d54ec6_ITS_1	NR_137482.1	85.279	197	13	12	322	508	391	581	4.73e-48	189	508	621	168
9cdaab46-af7e-409a-a00a-8f6be9d54ec6_ITS_1	NR_137483.1	87.755	196	14	8	93	278	113	308	1.68e-57	220	508	625	172
9cdaab46-af7e-409a-a00a-8f6be9d54ec6_ITS_1	NR_137483.1	85.946	185	12	9	334	508	405	585	6.12e-47	185	508	625	159
9cdaab46-af7e-409a-a00a-8f6be9d54ec6_ITS_1	NR_137488.1	87.755	196	14	8	93	278	112	307	1.68e-57	220	508	623	172
9cdaab46-af7e-409a-a00a-8f6be9d54ec6_ITS_1	NR_137488.1	85.946	185	11	10	334	508	404	583	2.20e-46	183	508	623	159
9cdaab46-af7e-409a-a00a-8f6be9d54ec6_ITS_1	NR_135436.1	87.755	196	14	8	93	278	73	268	1.68e-57	220	508	584	172
9cdaab46-af7e-409a-a00a-8f6be9d54ec6_ITS_1	NR_135436.1	86.413	184	12	9	334	508	365	544	4.73e-48	189	508	584	159
9cdaab46-af7e-409a-a00a-8f6be9d54ec6_ITS_1	NR_137487.1	87.755	196	14	8	93	278	112	307	1.68e-57	220	508	622	172
9cdaab46-af7e-409a-a00a-8f6be9d54ec6_ITS_1	NR_137487.1	85.792	183	11	10	336	508	405	582	2.85e-45	180	508	622	157
9cdaab46-af7e-409a-a00a-8f6be9d54ec6_ITS_1	NR_151782.1	87.755	196	14	8	93	278	79	274	1.68e-57	220	508	590	172
9cdaab46-af7e-409a-a00a-8f6be9d54ec6_ITS_1	NR_151782.1	86.413	184	12	9	334	508	371	550	4.73e-48	189	508	590	159
9cdaab46-af7e-409a-a00a-8f6be9d54ec6_ITS_1	NR_160206.1	87.755	196	14	8	93	278	83	278	1.68e-57	220	508	505	172
9cdaab46-af7e-409a-a00a-8f6be9d54ec6_ITS_1	NR_160194.1	87.755	196	14	8	93	278	107	302	1.68e-57	220	508	527	172
9cdaab46-af7e-409a-a00a-8f6be9d54ec6_ITS_1	NR_137481.1	87.692	195	15	7	93	278	111	305	6.03e-57	219	508	621	171
9cdaab46-af7e-409a-a00a-8f6be9d54ec6_ITS_1	NR_137481.1	83.607	183	18	8	334	508	403	581	1.03e-39	161	508	621	153
9cdaab46-af7e-409a-a00a-8f6be9d54ec6_ITS_1	NR_135437.1	87.245	196	15	8	93	278	107	302	7.80e-56	215	508	619	171
9cdaab46-af7e-409a-a00a-8f6be9d54ec6_ITS_1	NR_135437.1	85.946	185	12	9	334	508	399	579	6.12e-47	185	508	619	159
9cdaab46-af7e-409a-a00a-8f6be9d54ec6_ITS_1	NR_137493.1	87.245	196	15	8	93	278	91	286	7.80e-56	215	508	486	171
9cdaab46-af7e-409a-a00a-8f6be9d54ec6_ITS_1	NR_137494.1	87.245	196	15	8	93	278	94	289	7.80e-56	215	508	489	171
9cdaab46-af7e-409a-a00a-8f6be9d54ec6_ITS_1	NR_137514.1	87.245	196	15	8	93	278	71	266	7.80e-56	215	508	584	171
9cdaab46-af7e-409a-a00a-8f6be9d54ec6_ITS_1	NR_137514.1	86.486	185	11	9	334	508	364	544	1.31e-48	191	508	584	160
9cdaab46-af7e-409a-a00a-8f6be9d54ec6_ITS_1	NR_137516.1	87.245	196	15	8	93	278	71	266	7.80e-56	215	508	582	171
9cdaab46-af7e-409a-a00a-8f6be9d54ec6_ITS_1	NR_137516.1	86.413	184	12	9	334	508	363	542	4.73e-48	189	508	582	159
9cdaab46-af7e-409a-a00a-8f6be9d54ec6_ITS_1	NR_169980.1	87.245	196	15	8	93	278	229	424	7.80e-56	215	508	739	171
9cdaab46-af7e-409a-a00a-8f6be9d54ec6_ITS_1	NR_169980.1	85.870	184	12	10	334	508	521	699	2.20e-46	183	508	739	158
9cdaab46-af7e-409a-a00a-8f6be9d54ec6_ITS_1	NR_171612.1	87.245	196	15	8	93	278	233	428	7.80e-56	215	508	743	171
9cdaab46-af7e-409a-a00a-8f6be9d54ec6_ITS_1	NR_171612.1	85.870	184	12	10	334	508	525	703	2.20e-46	183	508	743	158
9cdaab46-af7e-409a-a00a-8f6be9d54ec6_ITS_1	NR_137484.1	87.245	196	15	8	93	278	114	309	7.80e-56	215	508	626	171
9cdaab46-af7e-409a-a00a-8f6be9d54ec6_ITS_1	NR_137484.1	85.946	185	12	10	334	508	406	586	6.12e-47	185	508	626	159
9cdaab46-af7e-409a-a00a-8f6be9d54ec6_ITS_1	NR_176764.1	87.245	196	15	8	93	278	85	280	7.80e-56	215	508	497	171
9cdaab46-af7e-409a-a00a-8f6be9d54ec6_ITS_1	NR_137518.1	87.179	195	16	7	93	278	86	280	2.81e-55	213	508	553	170
9cdaab46-af7e-409a-a00a-8f6be9d54ec6_ITS_1	NR_137518.1	84.239	184	15	10	334	508	375	553	2.22e-41	167	508	553	155
9cdaab46-af7e-409a-a00a-8f6be9d54ec6_ITS_1	NR_135412.1	86.735	196	16	8	93	278	113	308	3.63e-54	209	508	623	170
9cdaab46-af7e-409a-a00a-8f6be9d54ec6_ITS_1	NR_135412.1	85.500	200	13	10	322	508	387	583	1.02e-49	195	508	623	171
9cdaab46-af7e-409a-a00a-8f6be9d54ec6_ITS_1	NR_135438.1	86.735	196	16	8	93	278	78	273	3.63e-54	209	508	590	170
9cdaab46-af7e-409a-a00a-8f6be9d54ec6_ITS_1	NR_135438.1	85.946	185	12	9	334	508	370	550	6.12e-47	185	508	590	159
9cdaab46-af7e-409a-a00a-8f6be9d54ec6_ITS_1	NR_171618.1	86.735	196	16	8	93	278	228	423	3.63e-54	209	508	739	170
9cdaab46-af7e-409a-a00a-8f6be9d54ec6_ITS_1	NR_171618.1	86.339	183	13	8	334	508	521	699	4.73e-48	189	508	739	158
9cdaab46-af7e-409a-a00a-8f6be9d54ec6_ITS_1	NR_172366.1	86.802	197	15	9	93	278	112	308	3.63e-54	209	508	563	171
9cdaab46-af7e-409a-a00a-8f6be9d54ec6_ITS_1	NR_190236.1	86.224	196	17	8	93	278	87	282	1.69e-52	204	508	552	169
9cdaab46-af7e-409a-a00a-8f6be9d54ec6_ITS_1	NR_190236.1	86.286	175	12	8	334	500	381	551	2.85e-45	180	508	552	151
9cdaab46-af7e-409a-a00a-8f6be9d54ec6_ITS_1	NR_135403.1	86.154	195	18	7	93	278	114	308	6.07e-52	202	508	624	168
9cdaab46-af7e-409a-a00a-8f6be9d54ec6_ITS_1	NR_135403.1	84.153	183	16	9	335	508	406	584	7.97e-41	165	508	624	154
9cdaab46-af7e-409a-a00a-8f6be9d54ec6_ITS_1	NR_135410.1	86.154	195	18	7	93	278	114	308	6.07e-52	202	508	624	168
9cdaab46-af7e-409a-a00a-8f6be9d54ec6_ITS_1	NR_135410.1	84.153	183	16	9	335	508	406	584	7.97e-41	165	508	624	154
9cdaab46-af7e-409a-a00a-8f6be9d54ec6_ITS_1	NR_135411.1	86.154	195	18	7	93	278	114	308	6.07e-52	202	508	624	168
9cdaab46-af7e-409a-a00a-8f6be9d54ec6_ITS_1	NR_135411.1	84.153	183	16	9	335	508	406	584	7.97e-41	165	508	624	154
9cdaab46-af7e-409a-a00a-8f6be9d54ec6_ITS_1	NR_121482.1	86.154	195	18	7	93	278	203	397	6.07e-52	202	508	710	168
9cdaab46-af7e-409a-a00a-8f6be9d54ec6_ITS_1	NR_121482.1	83.920	199	16	10	322	508	476	670	3.68e-44	176	508	710	167
9cdaab46-af7e-409a-a00a-8f6be9d54ec6_ITS_1	NR_171609.1	85.572	201	20	7	87	278	228	428	6.07e-52	202	508	741	172
9cdaab46-af7e-409a-a00a-8f6be9d54ec6_ITS_1	NR_171609.1	84.783	184	14	10	334	508	523	701	4.76e-43	172	508	741	156
9cdaab46-af7e-409a-a00a-8f6be9d54ec6_ITS_1	NR_131268.1	85.641	195	18	8	93	278	146	339	2.83e-50	196	508	594	167
9cdaab46-af7e-409a-a00a-8f6be9d54ec6_ITS_1	NR_131268.1	76.650	197	25	13	317	505	411	594	4.93e-18	89.8	508	594	151
9cdaab46-af7e-409a-a00a-8f6be9d54ec6_ITS_1	NR_135330.1	85.641	195	18	8	93	278	134	327	2.83e-50	196	508	565	167
9cdaab46-af7e-409a-a00a-8f6be9d54ec6_ITS_1	NR_159605.1	85.641	195	19	7	93	278	247	441	2.83e-50	196	508	752	167
9cdaab46-af7e-409a-a00a-8f6be9d54ec6_ITS_1	NR_159605.1	81.768	181	23	8	334	508	536	712	3.73e-34	143	508	752	148
9cdaab46-af7e-409a-a00a-8f6be9d54ec6_ITS_1	NR_111412.1	85.641	195	18	8	93	278	123	316	2.83e-50	196	508	572	167
9cdaab46-af7e-409a-a00a-8f6be9d54ec6_ITS_1	NR_111412.1	76.650	197	26	13	317	505	388	572	1.37e-18	91.6	508	572	151
9cdaab46-af7e-409a-a00a-8f6be9d54ec6_ITS_1	NR_121512.1	85.294	204	14	14	317	508	452	651	2.83e-50	196	508	691	174
9cdaab46-af7e-409a-a00a-8f6be9d54ec6_ITS_1	NR_121512.1	81.959	194	22	10	93	278	191	379	6.20e-37	152	508	691	159
9cdaab46-af7e-409a-a00a-8f6be9d54ec6_ITS_1	NR_121513.1	85.294	204	14	14	317	508	452	651	2.83e-50	196	508	691	174
9cdaab46-af7e-409a-a00a-8f6be9d54ec6_ITS_1	NR_121513.1	82.474	194	21	10	93	278	191	379	1.33e-38	158	508	691	160
9cdaab46-af7e-409a-a00a-8f6be9d54ec6_ITS_1	NR_103606.1	85.567	194	19	7	94	278	130	323	1.02e-49	195	508	591	166
9cdaab46-af7e-409a-a00a-8f6be9d54ec6_ITS_1	NR_103606.1	81.152	191	22	11	325	505	405	591	1.34e-33	141	508	591	155
9cdaab46-af7e-409a-a00a-8f6be9d54ec6_ITS_1	NR_135382.1	85.492	193	19	8	93	278	94	284	3.65e-49	193	508	599	165
9cdaab46-af7e-409a-a00a-8f6be9d54ec6_ITS_1	NR_135382.1	82.609	184	19	9	334	508	380	559	2.23e-36	150	508	599	152
9cdaab46-af7e-409a-a00a-8f6be9d54ec6_ITS_1	NR_135383.1	85.492	193	19	8	93	278	94	284	3.65e-49	193	508	599	165
9cdaab46-af7e-409a-a00a-8f6be9d54ec6_ITS_1	NR_135383.1	82.609	184	19	9	334	508	380	559	2.23e-36	150	508	599	152
9cdaab46-af7e-409a-a00a-8f6be9d54ec6_ITS_1	NR_135384.1	85.492	193	19	8	93	278	94	284	3.65e-49	193	508	600	165
9cdaab46-af7e-409a-a00a-8f6be9d54ec6_ITS_1	NR_135384.1	82.162	185	19	10	334	508	380	560	2.89e-35	147	508	600	152
9cdaab46-af7e-409a-a00a-8f6be9d54ec6_ITS_1	NR_151792.1	85.492	193	19	8	93	278	211	401	3.65e-49	193	508	716	165
9cdaab46-af7e-409a-a00a-8f6be9d54ec6_ITS_1	NR_151792.1	82.065	184	20	10	334	508	497	676	1.04e-34	145	508	716	151
9cdaab46-af7e-409a-a00a-8f6be9d54ec6_ITS_1	NR_138282.1	85.492	193	17	8	93	278	93	281	1.31e-48	191	508	508	165
9cdaab46-af7e-409a-a00a-8f6be9d54ec6_ITS_1	NR_131295.1	85.204	196	18	9	93	278	99	293	1.31e-48	191	508	608	167
9cdaab46-af7e-409a-a00a-8f6be9d54ec6_ITS_1	NR_131295.1	83.500	200	17	14	322	508	372	568	4.76e-43	172	508	608	167
9cdaab46-af7e-409a-a00a-8f6be9d54ec6_ITS_1	NR_077156.1	84.804	204	16	13	317	508	387	587	1.31e-48	191	508	611	173
9cdaab46-af7e-409a-a00a-8f6be9d54ec6_ITS_1	NR_077156.1	82.990	194	21	9	93	278	125	314	7.97e-41	165	508	611	161
9cdaab46-af7e-409a-a00a-8f6be9d54ec6_ITS_1	NR_121507.1	84.804	204	16	13	317	508	453	653	1.31e-48	191	508	693	173
9cdaab46-af7e-409a-a00a-8f6be9d54ec6_ITS_1	NR_121507.1	82.990	194	21	9	93	278	191	380	7.97e-41	165	508	693	161
9cdaab46-af7e-409a-a00a-8f6be9d54ec6_ITS_1	NR_121509.1	84.804	204	16	13	317	508	453	653	1.31e-48	191	508	693	173
9cdaab46-af7e-409a-a00a-8f6be9d54ec6_ITS_1	NR_121509.1	82.990	194	21	9	93	278	191	380	7.97e-41	165	508	693	161
9cdaab46-af7e-409a-a00a-8f6be9d54ec6_ITS_1	NR_121510.1	84.804	204	16	13	317	508	453	653	1.31e-48	191	508	693	173
9cdaab46-af7e-409a-a00a-8f6be9d54ec6_ITS_1	NR_121510.1	82.990	194	21	9	93	278	191	380	7.97e-41	165	508	693	161
9cdaab46-af7e-409a-a00a-8f6be9d54ec6_ITS_1	NR_121511.1	84.878	205	14	15	317	508	454	654	1.31e-48	191	508	694	174
9cdaab46-af7e-409a-a00a-8f6be9d54ec6_ITS_1	NR_121511.1	82.990	194	21	9	93	278	192	381	7.97e-41	165	508	694	161
9cdaab46-af7e-409a-a00a-8f6be9d54ec6_ITS_1	NR_121514.1	84.729	203	17	12	317	508	453	652	1.31e-48	191	508	692	172
9cdaab46-af7e-409a-a00a-8f6be9d54ec6_ITS_1	NR_121514.1	82.990	194	21	9	93	278	191	380	7.97e-41	165	508	692	161
9cdaab46-af7e-409a-a00a-8f6be9d54ec6_ITS_1	NR_121519.1	84.804	204	15	14	317	508	452	651	1.31e-48	191	508	691	173
9cdaab46-af7e-409a-a00a-8f6be9d54ec6_ITS_1	NR_121519.1	81.959	194	22	10	93	278	191	379	6.20e-37	152	508	691	159
9cdaab46-af7e-409a-a00a-8f6be9d54ec6_ITS_1	NR_172030.1	85.128	195	19	8	93	278	145	338	1.31e-48	191	508	582	166
9cdaab46-af7e-409a-a00a-8f6be9d54ec6_ITS_1	NR_172030.1	75.806	186	25	12	317	495	410	582	3.84e-14	76.8	508	582	141
9cdaab46-af7e-409a-a00a-8f6be9d54ec6_ITS_1	NR_138281.1	85.052	194	20	7	94	278	103	296	4.73e-48	189	508	514	165
9cdaab46-af7e-409a-a00a-8f6be9d54ec6_ITS_1	NR_103605.1	85.052	194	20	7	94	278	133	326	4.73e-48	189	508	596	165
9cdaab46-af7e-409a-a00a-8f6be9d54ec6_ITS_1	NR_103605.1	81.347	193	22	10	324	505	407	596	1.04e-34	145	508	596	157
9cdaab46-af7e-409a-a00a-8f6be9d54ec6_ITS_1	NR_184353.1	85.128	195	18	9	93	278	62	254	4.73e-48	189	508	528	166
9cdaab46-af7e-409a-a00a-8f6be9d54ec6_ITS_1	NR_184353.1	83.246	191	17	11	329	508	342	528	1.03e-39	161	508	528	159
9cdaab46-af7e-409a-a00a-8f6be9d54ec6_ITS_1	NR_135344.1	85.128	195	16	10	93	278	97	287	1.70e-47	187	508	603	166
9cdaab46-af7e-409a-a00a-8f6be9d54ec6_ITS_1	NR_135344.1	78.922	204	20	15	322	508	366	563	2.26e-26	117	508	603	161
9cdaab46-af7e-409a-a00a-8f6be9d54ec6_ITS_1	NR_138330.1	85.052	194	17	10	93	278	106	295	1.70e-47	187	508	509	165
9cdaab46-af7e-409a-a00a-8f6be9d54ec6_ITS_1	NR_158800.1	84.577	201	18	11	86	278	100	295	1.70e-47	187	508	501	170
9cdaab46-af7e-409a-a00a-8f6be9d54ec6_ITS_1	NR_111052.1	85.052	194	18	9	93	278	105	295	1.70e-47	187	508	549	165
9cdaab46-af7e-409a-a00a-8f6be9d54ec6_ITS_1	NR_111498.1	85.052	194	18	9	93	278	104	294	1.70e-47	187	508	550	165
9cdaab46-af7e-409a-a00a-8f6be9d54ec6_ITS_1	NR_111500.1	85.052	194	17	10	93	278	104	293	1.70e-47	187	508	548	165
9cdaab46-af7e-409a-a00a-8f6be9d54ec6_ITS_1	NR_111511.1	85.052	194	17	10	93	278	105	294	1.70e-47	187	508	547	165
9cdaab46-af7e-409a-a00a-8f6be9d54ec6_ITS_1	NR_121229.1	85.052	194	17	9	93	278	105	294	1.70e-47	187	508	608	165
9cdaab46-af7e-409a-a00a-8f6be9d54ec6_ITS_1	NR_121229.1	82.418	182	19	11	336	508	391	568	2.89e-35	147	508	608	150
9cdaab46-af7e-409a-a00a-8f6be9d54ec6_ITS_1	NR_121230.1	85.052	194	17	9	93	278	106	295	1.70e-47	187	508	608	165
9cdaab46-af7e-409a-a00a-8f6be9d54ec6_ITS_1	NR_121230.1	82.162	185	21	10	333	508	387	568	8.02e-36	148	508	608	152
9cdaab46-af7e-409a-a00a-8f6be9d54ec6_ITS_1	NR_121508.1	85.417	192	14	12	328	508	465	653	1.70e-47	187	508	693	164
9cdaab46-af7e-409a-a00a-8f6be9d54ec6_ITS_1	NR_121508.1	82.990	194	21	9	93	278	191	380	7.97e-41	165	508	693	161
9cdaab46-af7e-409a-a00a-8f6be9d54ec6_ITS_1	NR_173362.1	85.052	194	18	9	93	278	104	294	1.70e-47	187	508	506	165
