c3b1e501-006c-47f7-9856-146e81d12017_ITS_1	NR_121481.1	93.223	605	23	15	1	595	71	667	0.0	874	595	707	564
c3b1e501-006c-47f7-9856-146e81d12017_ITS_1	NR_138362.1	92.397	605	26	15	1	595	57	651	0.0	845	595	691	559
c3b1e501-006c-47f7-9856-146e81d12017_ITS_1	NR_171617.1	91.736	605	27	17	1	595	97	688	0.0	819	595	728	555
c3b1e501-006c-47f7-9856-146e81d12017_ITS_1	NR_137479.1	92.388	578	23	16	27	595	9	574	0.0	804	595	614	534
c3b1e501-006c-47f7-9856-146e81d12017_ITS_1	NR_138341.1	91.104	607	32	17	1	595	113	709	0.0	802	595	749	553
c3b1e501-006c-47f7-9856-146e81d12017_ITS_1	NR_172047.1	90.805	609	36	16	1	595	97	699	0.0	797	595	739	553
c3b1e501-006c-47f7-9856-146e81d12017_ITS_1	NR_135407.1	92.042	578	25	16	27	595	9	574	0.0	793	595	614	532
c3b1e501-006c-47f7-9856-146e81d12017_ITS_1	NR_171616.1	90.686	612	32	19	1	595	97	700	0.0	791	595	740	555
c3b1e501-006c-47f7-9856-146e81d12017_ITS_1	NR_137489.1	91.869	578	26	15	27	595	9	574	0.0	787	595	614	531
c3b1e501-006c-47f7-9856-146e81d12017_ITS_1	NR_135405.1	91.724	580	27	16	27	595	9	578	0.0	785	595	618	532
c3b1e501-006c-47f7-9856-146e81d12017_ITS_1	NR_135404.1	91.581	582	29	15	27	595	9	583	0.0	785	595	623	533
c3b1e501-006c-47f7-9856-146e81d12017_ITS_1	NR_151816.1	91.581	582	29	15	1	571	3	575	0.0	785	595	579	533
c3b1e501-006c-47f7-9856-146e81d12017_ITS_1	NR_172048.1	90.523	612	33	18	1	595	71	674	0.0	785	595	714	554
c3b1e501-006c-47f7-9856-146e81d12017_ITS_1	NR_137482.1	91.566	581	29	16	27	595	9	581	0.0	784	595	621	532
c3b1e501-006c-47f7-9856-146e81d12017_ITS_1	NR_171612.1	90.476	609	37	16	1	595	102	703	0.0	784	595	743	551
c3b1e501-006c-47f7-9856-146e81d12017_ITS_1	NR_135409.1	91.566	581	27	17	27	595	9	579	0.0	782	595	619	532
c3b1e501-006c-47f7-9856-146e81d12017_ITS_1	NR_137517.1	91.552	580	28	16	27	595	9	578	0.0	780	595	618	531
c3b1e501-006c-47f7-9856-146e81d12017_ITS_1	NR_172044.1	90.359	612	34	19	1	595	16	619	0.0	780	595	620	553
c3b1e501-006c-47f7-9856-146e81d12017_ITS_1	NR_151815.1	91.126	586	30	16	1	571	3	581	0.0	774	595	585	534
c3b1e501-006c-47f7-9856-146e81d12017_ITS_1	NR_135406.1	91.222	581	31	15	27	595	9	581	0.0	773	595	621	530
c3b1e501-006c-47f7-9856-146e81d12017_ITS_1	NR_135408.1	91.222	581	30	16	27	595	9	580	0.0	771	595	620	530
c3b1e501-006c-47f7-9856-146e81d12017_ITS_1	NR_137488.1	91.081	583	30	17	27	595	9	583	0.0	769	595	623	531
c3b1e501-006c-47f7-9856-146e81d12017_ITS_1	NR_169980.1	90.000	610	39	18	1	595	97	699	0.0	769	595	739	549
c3b1e501-006c-47f7-9856-146e81d12017_ITS_1	NR_171618.1	89.984	609	41	15	1	595	97	699	0.0	769	595	739	548
c3b1e501-006c-47f7-9856-146e81d12017_ITS_1	NR_191334.1	91.081	583	31	16	1	571	71	644	0.0	769	595	648	531
c3b1e501-006c-47f7-9856-146e81d12017_ITS_1	NR_137483.1	90.909	583	33	14	27	595	9	585	0.0	765	595	625	530
c3b1e501-006c-47f7-9856-146e81d12017_ITS_1	NR_137486.1	90.940	585	29	18	27	595	9	585	0.0	765	595	625	532
c3b1e501-006c-47f7-9856-146e81d12017_ITS_1	NR_137485.1	90.925	584	30	17	27	595	9	584	0.0	763	595	624	531
c3b1e501-006c-47f7-9856-146e81d12017_ITS_1	NR_137443.1	92.043	553	24	14	27	571	9	549	0.0	760	595	553	509
c3b1e501-006c-47f7-9856-146e81d12017_ITS_1	NR_135437.1	90.738	583	34	14	27	595	3	579	0.0	760	595	619	529
c3b1e501-006c-47f7-9856-146e81d12017_ITS_1	NR_137490.1	90.753	584	31	17	27	595	9	584	0.0	758	595	624	530
c3b1e501-006c-47f7-9856-146e81d12017_ITS_1	NR_137480.1	90.722	582	32	17	27	595	9	581	0.0	756	595	621	528
c3b1e501-006c-47f7-9856-146e81d12017_ITS_1	NR_135412.1	90.534	581	37	14	27	595	9	583	0.0	752	595	623	526
c3b1e501-006c-47f7-9856-146e81d12017_ITS_1	NR_137481.1	90.550	582	33	16	27	595	9	581	0.0	750	595	621	527
c3b1e501-006c-47f7-9856-146e81d12017_ITS_1	NR_137484.1	90.411	584	35	16	27	595	9	586	0.0	749	595	626	528
c3b1e501-006c-47f7-9856-146e81d12017_ITS_1	NR_172366.1	91.398	558	28	15	27	571	9	559	0.0	747	595	563	510
c3b1e501-006c-47f7-9856-146e81d12017_ITS_1	NR_136948.1	93.023	516	20	11	30	540	1	505	0.0	739	595	505	480
c3b1e501-006c-47f7-9856-146e81d12017_ITS_1	NR_121482.1	89.016	610	42	21	1	595	71	670	0.0	732	595	710	543
c3b1e501-006c-47f7-9856-146e81d12017_ITS_1	NR_137442.1	92.471	518	24	11	30	540	1	510	0.0	726	595	510	479
c3b1e501-006c-47f7-9856-146e81d12017_ITS_1	NR_171609.1	88.834	609	45	19	1	595	102	701	0.0	726	595	741	541
c3b1e501-006c-47f7-9856-146e81d12017_ITS_1	NR_137515.1	91.091	550	27	17	60	595	1	542	0.0	725	595	582	501
c3b1e501-006c-47f7-9856-146e81d12017_ITS_1	NR_151782.1	90.664	557	30	17	54	595	1	550	0.0	721	595	590	505
c3b1e501-006c-47f7-9856-146e81d12017_ITS_1	NR_160194.1	91.698	530	27	13	27	546	5	527	0.0	719	595	527	486
c3b1e501-006c-47f7-9856-146e81d12017_ITS_1	NR_137516.1	90.710	549	31	15	60	595	1	542	0.0	713	595	582	498
c3b1e501-006c-47f7-9856-146e81d12017_ITS_1	NR_131310.1	91.747	521	27	11	30	540	1	515	0.0	710	595	515	478
c3b1e501-006c-47f7-9856-146e81d12017_ITS_1	NR_135436.1	90.563	551	30	17	60	595	1	544	0.0	710	595	584	499
c3b1e501-006c-47f7-9856-146e81d12017_ITS_1	NR_135438.1	90.305	557	32	16	54	595	1	550	0.0	710	595	590	503
c3b1e501-006c-47f7-9856-146e81d12017_ITS_1	NR_137514.1	90.563	551	30	15	60	595	1	544	0.0	710	595	584	499
c3b1e501-006c-47f7-9856-146e81d12017_ITS_1	NR_135410.1	89.212	584	40	19	27	595	9	584	0.0	708	595	624	521
c3b1e501-006c-47f7-9856-146e81d12017_ITS_1	NR_135411.1	89.041	584	41	19	27	595	9	584	0.0	702	595	624	520
c3b1e501-006c-47f7-9856-146e81d12017_ITS_1	NR_135403.1	88.870	584	42	19	27	595	9	584	0.0	697	595	624	519
c3b1e501-006c-47f7-9856-146e81d12017_ITS_1	NR_190236.1	89.661	561	33	18	43	587	1	552	0.0	691	595	552	503
c3b1e501-006c-47f7-9856-146e81d12017_ITS_1	NR_151792.1	87.644	607	46	24	1	595	87	676	0.0	678	595	716	532
c3b1e501-006c-47f7-9856-146e81d12017_ITS_1	NR_159605.1	87.315	607	53	20	1	595	118	712	0.0	673	595	752	530
c3b1e501-006c-47f7-9856-146e81d12017_ITS_1	NR_158821.1	87.438	605	44	24	1	595	1	583	0.0	667	595	583	529
c3b1e501-006c-47f7-9856-146e81d12017_ITS_1	NR_153225.1	88.103	580	39	25	27	595	9	569	0.0	662	595	609	511
c3b1e501-006c-47f7-9856-146e81d12017_ITS_1	NR_153244.1	88.103	580	39	25	27	595	9	569	0.0	662	595	609	511
c3b1e501-006c-47f7-9856-146e81d12017_ITS_1	NR_145178.1	88.083	579	41	24	27	595	9	569	0.0	662	595	609	510
c3b1e501-006c-47f7-9856-146e81d12017_ITS_1	NR_077152.1	87.150	607	48	26	1	595	1	589	0.0	662	595	613	529
c3b1e501-006c-47f7-9856-146e81d12017_ITS_1	NR_158825.1	87.129	606	48	22	1	595	1	587	0.0	660	595	587	528
c3b1e501-006c-47f7-9856-146e81d12017_ITS_1	NR_160206.1	90.730	507	29	13	54	551	8	505	0.0	660	595	505	460
c3b1e501-006c-47f7-9856-146e81d12017_ITS_1	NR_176764.1	90.891	505	27	13	47	540	1	497	0.0	660	595	497	459
c3b1e501-006c-47f7-9856-146e81d12017_ITS_1	NR_137518.1	88.455	563	42	19	46	595	1	553	0.0	658	595	553	498
c3b1e501-006c-47f7-9856-146e81d12017_ITS_1	NR_144845.1	87.129	606	44	26	1	595	59	641	0.0	656	595	681	528
c3b1e501-006c-47f7-9856-146e81d12017_ITS_1	NR_153223.1	87.931	580	40	25	27	595	9	569	0.0	656	595	609	510
c3b1e501-006c-47f7-9856-146e81d12017_ITS_1	NR_137494.1	91.075	493	32	7	38	522	1	489	0.0	656	595	489	449
c3b1e501-006c-47f7-9856-146e81d12017_ITS_1	NR_145176.1	87.931	580	40	24	27	595	9	569	0.0	656	595	609	510
c3b1e501-006c-47f7-9856-146e81d12017_ITS_1	NR_145177.1	87.952	581	39	26	27	595	9	570	0.0	656	595	610	511
c3b1e501-006c-47f7-9856-146e81d12017_ITS_1	NR_135345.1	88.112	572	40	24	31	592	1	554	0.0	654	595	597	504
c3b1e501-006c-47f7-9856-146e81d12017_ITS_1	NR_153220.1	87.868	577	45	20	27	595	9	568	0.0	654	595	608	507
c3b1e501-006c-47f7-9856-146e81d12017_ITS_1	NR_154738.1	91.841	478	26	9	62	532	1	472	0.0	654	595	474	439
c3b1e501-006c-47f7-9856-146e81d12017_ITS_1	NR_158820.1	86.985	607	47	24	1	595	1	587	0.0	654	595	587	528
c3b1e501-006c-47f7-9856-146e81d12017_ITS_1	NR_153222.1	87.759	580	41	25	27	595	9	569	0.0	651	595	609	509
c3b1e501-006c-47f7-9856-146e81d12017_ITS_1	NR_172032.1	86.820	607	50	22	1	595	1	589	0.0	651	595	589	527
c3b1e501-006c-47f7-9856-146e81d12017_ITS_1	NR_135382.1	87.674	576	43	23	31	595	1	559	0.0	645	595	599	505
c3b1e501-006c-47f7-9856-146e81d12017_ITS_1	NR_135383.1	87.674	576	43	23	31	595	1	559	0.0	645	595	599	505
c3b1e501-006c-47f7-9856-146e81d12017_ITS_1	NR_146250.1	86.755	604	50	22	4	595	1	586	0.0	645	595	587	524
c3b1e501-006c-47f7-9856-146e81d12017_ITS_1	NR_153221.1	87.586	580	42	25	27	595	9	569	0.0	645	595	609	508
c3b1e501-006c-47f7-9856-146e81d12017_ITS_1	NR_138263.1	87.543	578	46	21	27	595	9	569	0.0	645	595	609	506
c3b1e501-006c-47f7-9856-146e81d12017_ITS_1	NR_145175.1	87.586	580	42	25	27	595	9	569	0.0	645	595	609	508
c3b1e501-006c-47f7-9856-146e81d12017_ITS_1	NR_119501.1	87.895	570	39	25	14	571	1	552	0.0	643	595	561	501
c3b1e501-006c-47f7-9856-146e81d12017_ITS_1	NR_171587.1	86.634	606	52	23	1	595	1	588	0.0	643	595	588	525
c3b1e501-006c-47f7-9856-146e81d12017_ITS_1	NR_135384.1	87.522	577	43	24	31	595	1	560	0.0	640	595	600	505
c3b1e501-006c-47f7-9856-146e81d12017_ITS_1	NR_137453.1	87.631	574	42	23	32	595	2	556	0.0	640	595	596	503
c3b1e501-006c-47f7-9856-146e81d12017_ITS_1	NR_138339.1	87.392	579	46	23	27	595	8	569	0.0	640	595	609	506
c3b1e501-006c-47f7-9856-146e81d12017_ITS_1	NR_198141.1	87.285	582	46	23	1	571	3	567	0.0	640	595	571	508
c3b1e501-006c-47f7-9856-146e81d12017_ITS_1	NR_137734.1	86.678	608	41	33	1	595	71	651	0.0	638	595	691	527
c3b1e501-006c-47f7-9856-146e81d12017_ITS_1	NR_158822.1	86.491	607	50	24	1	595	2	588	0.0	638	595	588	525
c3b1e501-006c-47f7-9856-146e81d12017_ITS_1	NR_121202.1	87.219	579	48	22	27	595	9	571	0.0	636	595	611	505
c3b1e501-006c-47f7-9856-146e81d12017_ITS_1	NR_121278.1	87.219	579	46	22	27	595	9	569	0.0	634	595	609	505
c3b1e501-006c-47f7-9856-146e81d12017_ITS_1	NR_163675.1	86.469	606	49	26	1	595	88	671	0.0	634	595	711	524
c3b1e501-006c-47f7-9856-146e81d12017_ITS_1	NR_163678.1	86.446	605	51	23	1	595	69	652	0.0	634	595	692	523
c3b1e501-006c-47f7-9856-146e81d12017_ITS_1	NR_171585.1	86.446	605	51	24	1	595	1	584	0.0	634	595	584	523
c3b1e501-006c-47f7-9856-146e81d12017_ITS_1	NR_185789.1	87.285	582	41	25	1	571	71	630	0.0	634	595	639	508
c3b1e501-006c-47f7-9856-146e81d12017_ITS_1	NR_151822.1	86.700	594	49	27	14	595	1	576	0.0	632	595	616	515
c3b1e501-006c-47f7-9856-146e81d12017_ITS_1	NR_121231.1	87.197	578	47	22	27	595	9	568	0.0	632	595	608	504
c3b1e501-006c-47f7-9856-146e81d12017_ITS_1	NR_121511.1	86.416	611	44	31	1	595	67	654	0.0	632	595	694	528
c3b1e501-006c-47f7-9856-146e81d12017_ITS_1	NR_171588.1	86.281	605	53	23	1	595	1	585	0.0	630	595	585	522
c3b1e501-006c-47f7-9856-146e81d12017_ITS_1	NR_172046.1	86.860	586	49	24	27	595	8	582	0.0	630	595	622	509
c3b1e501-006c-47f7-9856-146e81d12017_ITS_1	NR_077155.1	86.281	605	52	24	1	595	1	584	2.77e-180	628	595	608	522
