da3515fe-838b-41c3-8a22-afbf6adc30b0_ITS_1	NR_121481.1	90.547	603	19	22	1	571	71	667	0.0	763	571	707	546
da3515fe-838b-41c3-8a22-afbf6adc30b0_ITS_1	NR_138362.1	89.884	603	21	23	1	571	57	651	0.0	739	571	691	542
da3515fe-838b-41c3-8a22-afbf6adc30b0_ITS_1	NR_137479.1	90.223	583	17	24	20	571	1	574	0.0	725	571	614	526
da3515fe-838b-41c3-8a22-afbf6adc30b0_ITS_1	NR_171617.1	89.535	602	22	25	1	571	97	688	0.0	725	571	728	539
da3515fe-838b-41c3-8a22-afbf6adc30b0_ITS_1	NR_135407.1	89.880	583	19	25	20	571	1	574	0.0	713	571	614	524
da3515fe-838b-41c3-8a22-afbf6adc30b0_ITS_1	NR_137489.1	89.537	583	21	24	20	571	1	574	0.0	702	571	614	522
da3515fe-838b-41c3-8a22-afbf6adc30b0_ITS_1	NR_138341.1	88.760	605	26	26	1	571	113	709	0.0	702	571	749	537
da3515fe-838b-41c3-8a22-afbf6adc30b0_ITS_1	NR_135405.1	89.420	586	20	25	20	571	1	578	0.0	701	571	618	524
da3515fe-838b-41c3-8a22-afbf6adc30b0_ITS_1	NR_135409.1	89.438	587	19	25	20	571	1	579	0.0	701	571	619	525
da3515fe-838b-41c3-8a22-afbf6adc30b0_ITS_1	NR_135404.1	89.304	589	20	27	20	571	1	583	0.0	699	571	623	526
da3515fe-838b-41c3-8a22-afbf6adc30b0_ITS_1	NR_137482.1	89.286	588	20	27	20	571	1	581	0.0	697	571	621	525
da3515fe-838b-41c3-8a22-afbf6adc30b0_ITS_1	NR_172047.1	88.506	609	26	28	1	571	97	699	0.0	697	571	739	539
da3515fe-838b-41c3-8a22-afbf6adc30b0_ITS_1	NR_137517.1	89.249	586	21	23	20	571	1	578	0.0	695	571	618	523
da3515fe-838b-41c3-8a22-afbf6adc30b0_ITS_1	NR_171616.1	88.380	611	24	29	1	571	97	700	0.0	691	571	740	540
da3515fe-838b-41c3-8a22-afbf6adc30b0_ITS_1	NR_135406.1	88.946	588	22	28	20	571	1	581	0.0	686	571	621	523
da3515fe-838b-41c3-8a22-afbf6adc30b0_ITS_1	NR_135408.1	88.946	588	21	28	20	571	1	580	0.0	686	571	620	523
da3515fe-838b-41c3-8a22-afbf6adc30b0_ITS_1	NR_172048.1	88.216	611	25	29	1	571	71	674	0.0	686	571	714	539
da3515fe-838b-41c3-8a22-afbf6adc30b0_ITS_1	NR_151816.1	88.889	585	24	24	1	552	3	579	0.0	682	571	579	520
da3515fe-838b-41c3-8a22-afbf6adc30b0_ITS_1	NR_172044.1	88.052	611	26	29	1	571	16	619	0.0	680	571	620	538
da3515fe-838b-41c3-8a22-afbf6adc30b0_ITS_1	NR_137485.1	88.663	591	21	29	20	571	1	584	0.0	678	571	624	524
da3515fe-838b-41c3-8a22-afbf6adc30b0_ITS_1	NR_137486.1	88.682	592	20	29	20	571	1	585	0.0	678	571	625	525
da3515fe-838b-41c3-8a22-afbf6adc30b0_ITS_1	NR_171612.1	88.013	609	28	30	1	571	102	703	0.0	678	571	743	536
da3515fe-838b-41c3-8a22-afbf6adc30b0_ITS_1	NR_137443.1	89.502	562	21	23	20	552	1	553	0.0	676	571	553	503
da3515fe-838b-41c3-8a22-afbf6adc30b0_ITS_1	NR_137488.1	88.644	590	22	28	20	571	1	583	0.0	676	571	623	523
da3515fe-838b-41c3-8a22-afbf6adc30b0_ITS_1	NR_171618.1	87.849	609	30	29	1	571	97	699	0.0	675	571	739	535
da3515fe-838b-41c3-8a22-afbf6adc30b0_ITS_1	NR_137483.1	88.494	591	23	29	20	571	1	585	0.0	673	571	625	523
da3515fe-838b-41c3-8a22-afbf6adc30b0_ITS_1	NR_137490.1	88.494	591	22	29	20	571	1	584	0.0	673	571	624	523
da3515fe-838b-41c3-8a22-afbf6adc30b0_ITS_1	NR_191334.1	88.567	586	25	26	1	552	71	648	0.0	673	571	648	519
da3515fe-838b-41c3-8a22-afbf6adc30b0_ITS_1	NR_151815.1	88.475	590	23	28	1	552	3	585	0.0	671	571	585	522
da3515fe-838b-41c3-8a22-afbf6adc30b0_ITS_1	NR_137480.1	88.455	589	23	28	20	571	1	581	0.0	669	571	621	521
da3515fe-838b-41c3-8a22-afbf6adc30b0_ITS_1	NR_169980.1	87.705	610	29	31	1	571	97	699	0.0	669	571	739	535
da3515fe-838b-41c3-8a22-afbf6adc30b0_ITS_1	NR_135412.1	88.285	589	26	28	20	571	1	583	0.0	665	571	623	520
da3515fe-838b-41c3-8a22-afbf6adc30b0_ITS_1	NR_137487.1	88.285	589	25	27	20	571	1	582	0.0	665	571	622	520
da3515fe-838b-41c3-8a22-afbf6adc30b0_ITS_1	NR_137484.1	88.176	592	24	31	20	571	1	586	0.0	664	571	626	522
da3515fe-838b-41c3-8a22-afbf6adc30b0_ITS_1	NR_137481.1	88.075	587	29	25	20	571	1	581	0.0	658	571	621	517
da3515fe-838b-41c3-8a22-afbf6adc30b0_ITS_1	NR_135437.1	88.205	585	24	29	26	571	1	579	0.0	656	571	619	516
da3515fe-838b-41c3-8a22-afbf6adc30b0_ITS_1	NR_121482.1	87.315	607	34	29	1	571	71	670	0.0	654	571	710	530
da3515fe-838b-41c3-8a22-afbf6adc30b0_ITS_1	NR_172366.1	88.596	570	21	28	20	552	1	563	0.0	652	571	563	505
da3515fe-838b-41c3-8a22-afbf6adc30b0_ITS_1	NR_171609.1	86.820	607	37	29	1	571	102	701	0.0	638	571	741	527
da3515fe-838b-41c3-8a22-afbf6adc30b0_ITS_1	NR_137515.1	88.848	547	19	26	62	571	1	542	0.0	634	571	582	486
da3515fe-838b-41c3-8a22-afbf6adc30b0_ITS_1	NR_151782.1	88.468	555	20	28	56	571	1	550	0.0	630	571	590	491
da3515fe-838b-41c3-8a22-afbf6adc30b0_ITS_1	NR_135403.1	87.119	590	32	30	20	571	1	584	2.66e-180	628	571	624	514
da3515fe-838b-41c3-8a22-afbf6adc30b0_ITS_1	NR_135410.1	87.119	590	32	29	20	571	1	584	2.66e-180	628	571	624	514
da3515fe-838b-41c3-8a22-afbf6adc30b0_ITS_1	NR_135411.1	87.119	590	32	30	20	571	1	584	2.66e-180	628	571	624	514
da3515fe-838b-41c3-8a22-afbf6adc30b0_ITS_1	NR_137516.1	88.483	547	21	26	62	571	1	542	1.24e-178	623	571	582	484
da3515fe-838b-41c3-8a22-afbf6adc30b0_ITS_1	NR_135436.1	88.342	549	20	28	62	571	1	544	1.60e-177	619	571	584	485
da3515fe-838b-41c3-8a22-afbf6adc30b0_ITS_1	NR_137514.1	88.342	549	20	27	62	571	1	544	1.60e-177	619	571	584	485
da3515fe-838b-41c3-8a22-afbf6adc30b0_ITS_1	NR_135438.1	87.928	555	23	28	56	571	1	550	7.44e-176	614	571	590	488
da3515fe-838b-41c3-8a22-afbf6adc30b0_ITS_1	NR_136948.1	89.300	514	16	24	31	514	1	505	3.46e-174	608	571	505	459
da3515fe-838b-41c3-8a22-afbf6adc30b0_ITS_1	NR_190236.1	87.478	559	24	31	44	563	1	552	1.61e-172	603	571	552	489
da3515fe-838b-41c3-8a22-afbf6adc30b0_ITS_1	NR_137442.1	88.588	517	19	24	31	514	1	510	3.48e-169	592	571	510	458
da3515fe-838b-41c3-8a22-afbf6adc30b0_ITS_1	NR_160194.1	88.015	534	20	28	24	520	1	527	3.48e-169	592	571	527	470
da3515fe-838b-41c3-8a22-afbf6adc30b0_ITS_1	NR_138263.1	86.059	581	40	28	20	571	1	569	1.62e-167	586	571	609	500
da3515fe-838b-41c3-8a22-afbf6adc30b0_ITS_1	NR_137850.1	86.063	574	41	31	20	571	1	557	7.54e-166	580	571	597	494
da3515fe-838b-41c3-8a22-afbf6adc30b0_ITS_1	NR_137518.1	86.631	561	31	29	47	571	1	553	7.54e-166	580	571	553	486
da3515fe-838b-41c3-8a22-afbf6adc30b0_ITS_1	NR_137848.1	85.889	574	42	31	20	571	1	557	3.51e-164	575	571	597	493
da3515fe-838b-41c3-8a22-afbf6adc30b0_ITS_1	NR_173380.1	85.235	596	45	30	1	571	1	578	1.26e-163	573	571	578	508
da3515fe-838b-41c3-8a22-afbf6adc30b0_ITS_1	NR_137849.1	85.714	574	44	30	20	571	1	558	4.54e-163	571	571	598	492
da3515fe-838b-41c3-8a22-afbf6adc30b0_ITS_1	NR_168788.1	85.042	595	51	29	1	571	107	687	4.54e-163	571	571	727	506
da3515fe-838b-41c3-8a22-afbf6adc30b0_ITS_1	NR_177474.1	85.495	586	42	31	1	561	14	581	4.54e-163	571	571	581	501
da3515fe-838b-41c3-8a22-afbf6adc30b0_ITS_1	NR_131310.1	87.739	522	19	30	31	514	1	515	5.87e-162	568	571	515	458
da3515fe-838b-41c3-8a22-afbf6adc30b0_ITS_1	NR_177169.1	85.254	590	43	32	1	564	15	586	5.87e-162	568	571	586	503
da3515fe-838b-41c3-8a22-afbf6adc30b0_ITS_1	NR_172731.1	84.941	591	56	26	1	571	71	648	5.87e-162	568	571	688	502
da3515fe-838b-41c3-8a22-afbf6adc30b0_ITS_1	NR_135382.1	85.864	573	34	35	32	571	1	559	2.11e-161	566	571	599	492
da3515fe-838b-41c3-8a22-afbf6adc30b0_ITS_1	NR_135383.1	85.864	573	34	35	32	571	1	559	2.11e-161	566	571	599	492
da3515fe-838b-41c3-8a22-afbf6adc30b0_ITS_1	NR_137734.1	84.950	598	46	34	1	571	71	651	2.11e-161	566	571	691	508
da3515fe-838b-41c3-8a22-afbf6adc30b0_ITS_1	NR_121241.1	85.590	576	41	30	20	571	1	558	2.11e-161	566	571	598	493
da3515fe-838b-41c3-8a22-afbf6adc30b0_ITS_1	NR_168823.1	84.783	598	50	32	1	571	2	585	2.73e-160	562	571	625	507
da3515fe-838b-41c3-8a22-afbf6adc30b0_ITS_1	NR_190911.1	85.223	582	46	30	12	571	1	564	2.73e-160	562	571	566	496
da3515fe-838b-41c3-8a22-afbf6adc30b0_ITS_1	NR_121242.1	85.417	576	42	30	20	571	1	558	9.83e-160	560	571	598	492
da3515fe-838b-41c3-8a22-afbf6adc30b0_ITS_1	NR_121243.1	85.417	576	42	31	20	571	1	558	9.83e-160	560	571	598	492
da3515fe-838b-41c3-8a22-afbf6adc30b0_ITS_1	NR_121258.1	85.417	576	42	31	20	571	1	558	9.83e-160	560	571	598	492
da3515fe-838b-41c3-8a22-afbf6adc30b0_ITS_1	NR_137684.1	85.320	579	42	32	20	571	1	563	3.53e-159	558	571	603	494
da3515fe-838b-41c3-8a22-afbf6adc30b0_ITS_1	NR_137736.1	85.320	579	42	32	20	571	1	563	3.53e-159	558	571	603	494
da3515fe-838b-41c3-8a22-afbf6adc30b0_ITS_1	NR_103657.2	84.757	597	48	32	1	571	67	646	3.53e-159	558	571	686	506
da3515fe-838b-41c3-8a22-afbf6adc30b0_ITS_1	NR_145139.1	85.294	578	41	34	20	571	1	560	1.27e-158	556	571	600	493
da3515fe-838b-41c3-8a22-afbf6adc30b0_ITS_1	NR_144820.1	85.243	576	43	31	20	571	1	558	4.57e-158	555	571	598	491
da3515fe-838b-41c3-8a22-afbf6adc30b0_ITS_1	NR_137735.1	85.147	579	42	34	20	571	1	562	1.64e-157	553	571	602	493
da3515fe-838b-41c3-8a22-afbf6adc30b0_ITS_1	NR_137738.1	85.439	570	39	34	28	571	1	552	1.64e-157	553	571	592	487
da3515fe-838b-41c3-8a22-afbf6adc30b0_ITS_1	NR_121245.1	85.243	576	42	33	20	571	1	557	1.64e-157	553	571	597	491
da3515fe-838b-41c3-8a22-afbf6adc30b0_ITS_1	NR_121517.1	84.411	603	49	31	1	571	67	656	5.91e-157	551	571	696	509
da3515fe-838b-41c3-8a22-afbf6adc30b0_ITS_1	NR_137881.1	85.095	577	45	29	20	571	1	561	5.91e-157	551	571	601	491
da3515fe-838b-41c3-8a22-afbf6adc30b0_ITS_1	NR_121311.1	84.948	578	48	31	20	571	1	565	2.13e-156	549	571	605	491
da3515fe-838b-41c3-8a22-afbf6adc30b0_ITS_1	NR_137611.1	85.043	575	44	32	20	571	1	556	7.65e-156	547	571	596	489
da3515fe-838b-41c3-8a22-afbf6adc30b0_ITS_1	NR_137612.1	85.017	574	47	30	20	571	1	557	7.65e-156	547	571	597	488
da3515fe-838b-41c3-8a22-afbf6adc30b0_ITS_1	NR_137737.1	84.974	579	43	34	20	571	1	562	7.65e-156	547	571	602	492
da3515fe-838b-41c3-8a22-afbf6adc30b0_ITS_1	NR_121260.1	84.948	578	42	33	20	571	1	559	9.90e-155	544	571	599	491
da3515fe-838b-41c3-8a22-afbf6adc30b0_ITS_1	NR_155201.1	85.062	569	43	32	12	554	4	556	3.56e-154	542	571	557	484
da3515fe-838b-41c3-8a22-afbf6adc30b0_ITS_1	NR_156333.1	84.775	578	46	32	1	554	3	562	3.56e-154	542	571	565	490
da3515fe-838b-41c3-8a22-afbf6adc30b0_ITS_1	NR_121209.1	84.175	594	56	27	1	571	2	580	3.56e-154	542	571	620	500
da3515fe-838b-41c3-8a22-afbf6adc30b0_ITS_1	NR_198112.1	84.175	594	56	26	1	571	92	670	3.56e-154	542	571	710	500
da3515fe-838b-41c3-8a22-afbf6adc30b0_ITS_1	NR_111869.1	84.956	565	47	30	20	560	1	551	4.60e-153	538	571	552	480
da3515fe-838b-41c3-8a22-afbf6adc30b0_ITS_1	NR_137129.1	84.696	575	46	31	20	571	1	556	1.66e-152	536	571	596	487
da3515fe-838b-41c3-8a22-afbf6adc30b0_ITS_1	NR_154738.1	88.260	477	17	24	64	506	1	472	5.96e-152	534	571	474	421
da3515fe-838b-41c3-8a22-afbf6adc30b0_ITS_1	NR_135373.1	84.752	564	51	29	32	571	1	553	2.14e-151	532	571	593	478
da3515fe-838b-41c3-8a22-afbf6adc30b0_ITS_1	NR_160206.1	87.251	502	20	27	56	521	8	501	2.14e-151	532	571	505	438
da3515fe-838b-41c3-8a22-afbf6adc30b0_ITS_1	NR_121310.1	84.483	580	44	36	20	571	1	562	7.70e-151	531	571	603	490
da3515fe-838b-41c3-8a22-afbf6adc30b0_ITS_1	NR_176764.1	87.103	504	21	29	48	514	1	497	7.70e-151	531	571	497	439
da3515fe-838b-41c3-8a22-afbf6adc30b0_ITS_1	NR_137063.1	84.337	581	45	33	20	571	1	564	9.97e-150	527	571	604	490
da3515fe-838b-41c3-8a22-afbf6adc30b0_ITS_1	NR_138270.1	84.375	576	47	31	20	571	1	557	3.58e-149	525	571	597	486
