PAS36118_pass_barcode01_4fb720c2_3a09ab0f_34.fastq_pos72_670_f0_r1	NR_121481.1	96.844	602	10	6	1	598	71	667	0.0	998	598	707	583
PAS36118_pass_barcode01_4fb720c2_3a09ab0f_34.fastq_pos72_670_f0_r1	NR_138362.1	96.667	600	13	5	1	598	57	651	0.0	990	598	691	580
PAS36118_pass_barcode01_4fb720c2_3a09ab0f_34.fastq_pos72_670_f0_r1	NR_171617.1	96.000	600	14	8	1	598	97	688	0.0	966	598	728	576
PAS36118_pass_barcode01_4fb720c2_3a09ab0f_34.fastq_pos72_670_f0_r1	NR_138341.1	95.349	602	19	7	1	598	113	709	0.0	948	598	749	574
PAS36118_pass_barcode01_4fb720c2_3a09ab0f_34.fastq_pos72_670_f0_r1	NR_137479.1	96.837	569	13	5	32	598	9	574	0.0	946	598	614	551
PAS36118_pass_barcode01_4fb720c2_3a09ab0f_34.fastq_pos72_670_f0_r1	NR_172047.1	94.737	608	17	11	1	598	97	699	0.0	931	598	739	576
PAS36118_pass_barcode01_4fb720c2_3a09ab0f_34.fastq_pos72_670_f0_r1	NR_137489.1	96.309	569	16	5	32	598	9	574	0.0	929	598	614	548
PAS36118_pass_barcode01_4fb720c2_3a09ab0f_34.fastq_pos72_670_f0_r1	NR_135405.1	96.147	571	17	5	32	598	9	578	0.0	928	598	618	549
PAS36118_pass_barcode01_4fb720c2_3a09ab0f_34.fastq_pos72_670_f0_r1	NR_171616.1	94.581	609	17	13	1	598	97	700	0.0	928	598	740	576
PAS36118_pass_barcode01_4fb720c2_3a09ab0f_34.fastq_pos72_670_f0_r1	NR_151816.1	95.690	580	17	6	1	577	3	577	0.0	926	598	579	555
PAS36118_pass_barcode01_4fb720c2_3a09ab0f_34.fastq_pos72_670_f0_r1	NR_135409.1	95.979	572	17	6	32	598	9	579	0.0	924	598	619	549
PAS36118_pass_barcode01_4fb720c2_3a09ab0f_34.fastq_pos72_670_f0_r1	NR_135407.1	96.140	570	15	7	32	598	9	574	0.0	924	598	614	548
PAS36118_pass_barcode01_4fb720c2_3a09ab0f_34.fastq_pos72_670_f0_r1	NR_137517.1	95.972	571	18	5	32	598	9	578	0.0	922	598	618	548
PAS36118_pass_barcode01_4fb720c2_3a09ab0f_34.fastq_pos72_670_f0_r1	NR_172048.1	94.417	609	18	12	1	598	71	674	0.0	922	598	714	575
PAS36118_pass_barcode01_4fb720c2_3a09ab0f_34.fastq_pos72_670_f0_r1	NR_171612.1	94.399	607	20	11	1	598	102	703	0.0	920	598	743	573
PAS36118_pass_barcode01_4fb720c2_3a09ab0f_34.fastq_pos72_670_f0_r1	NR_172044.1	94.253	609	19	13	1	598	16	619	0.0	917	598	620	574
PAS36118_pass_barcode01_4fb720c2_3a09ab0f_34.fastq_pos72_670_f0_r1	NR_137482.1	95.645	574	17	8	32	598	9	581	0.0	915	598	621	549
PAS36118_pass_barcode01_4fb720c2_3a09ab0f_34.fastq_pos72_670_f0_r1	NR_135408.1	95.637	573	18	7	32	598	9	580	0.0	913	598	620	548
PAS36118_pass_barcode01_4fb720c2_3a09ab0f_34.fastq_pos72_670_f0_r1	NR_135406.1	95.470	574	18	6	32	598	9	581	0.0	909	598	621	548
PAS36118_pass_barcode01_4fb720c2_3a09ab0f_34.fastq_pos72_670_f0_r1	NR_191334.1	95.181	581	19	7	1	577	71	646	0.0	909	598	648	553
PAS36118_pass_barcode01_4fb720c2_3a09ab0f_34.fastq_pos72_670_f0_r1	NR_135404.1	95.312	576	17	8	32	598	9	583	0.0	905	598	623	549
PAS36118_pass_barcode01_4fb720c2_3a09ab0f_34.fastq_pos72_670_f0_r1	NR_151815.1	94.881	586	16	11	1	577	3	583	0.0	904	598	585	556
PAS36118_pass_barcode01_4fb720c2_3a09ab0f_34.fastq_pos72_670_f0_r1	NR_169980.1	93.914	608	22	12	1	598	97	699	0.0	904	598	739	571
PAS36118_pass_barcode01_4fb720c2_3a09ab0f_34.fastq_pos72_670_f0_r1	NR_137488.1	95.139	576	18	10	32	598	9	583	0.0	900	598	623	548
PAS36118_pass_barcode01_4fb720c2_3a09ab0f_34.fastq_pos72_670_f0_r1	NR_137480.1	95.122	574	20	8	32	598	9	581	0.0	898	598	621	546
PAS36118_pass_barcode01_4fb720c2_3a09ab0f_34.fastq_pos72_670_f0_r1	NR_137486.1	94.983	578	17	11	32	598	9	585	0.0	896	598	625	549
PAS36118_pass_barcode01_4fb720c2_3a09ab0f_34.fastq_pos72_670_f0_r1	NR_137443.1	96.344	547	15	5	32	577	9	551	0.0	894	598	553	527
PAS36118_pass_barcode01_4fb720c2_3a09ab0f_34.fastq_pos72_670_f0_r1	NR_137485.1	94.974	577	18	10	32	598	9	584	0.0	894	598	624	548
PAS36118_pass_barcode01_4fb720c2_3a09ab0f_34.fastq_pos72_670_f0_r1	NR_137490.1	94.801	577	19	10	32	598	9	584	0.0	889	598	624	547
PAS36118_pass_barcode01_4fb720c2_3a09ab0f_34.fastq_pos72_670_f0_r1	NR_137481.1	94.792	576	18	8	32	598	9	581	0.0	887	598	621	546
PAS36118_pass_barcode01_4fb720c2_3a09ab0f_34.fastq_pos72_670_f0_r1	NR_171618.1	93.421	608	25	11	1	598	97	699	0.0	887	598	739	568
PAS36118_pass_barcode01_4fb720c2_3a09ab0f_34.fastq_pos72_670_f0_r1	NR_137483.1	94.637	578	19	10	32	598	9	585	0.0	885	598	625	547
PAS36118_pass_barcode01_4fb720c2_3a09ab0f_34.fastq_pos72_670_f0_r1	NR_135437.1	94.464	578	20	10	32	598	3	579	0.0	880	598	619	546
PAS36118_pass_barcode01_4fb720c2_3a09ab0f_34.fastq_pos72_670_f0_r1	NR_135412.1	94.444	576	22	9	32	598	9	583	0.0	878	598	623	544
PAS36118_pass_barcode01_4fb720c2_3a09ab0f_34.fastq_pos72_670_f0_r1	NR_121482.1	93.081	607	26	13	1	598	71	670	0.0	874	598	710	565
PAS36118_pass_barcode01_4fb720c2_3a09ab0f_34.fastq_pos72_670_f0_r1	NR_172366.1	95.307	554	17	8	32	577	9	561	0.0	870	598	563	528
PAS36118_pass_barcode01_4fb720c2_3a09ab0f_34.fastq_pos72_670_f0_r1	NR_171609.1	92.904	606	29	11	1	598	102	701	0.0	869	598	741	563
PAS36118_pass_barcode01_4fb720c2_3a09ab0f_34.fastq_pos72_670_f0_r1	NR_137484.1	94.128	579	21	11	32	598	9	586	0.0	869	598	626	545
PAS36118_pass_barcode01_4fb720c2_3a09ab0f_34.fastq_pos72_670_f0_r1	NR_137515.1	95.580	543	14	9	65	598	1	542	0.0	861	598	582	519
PAS36118_pass_barcode01_4fb720c2_3a09ab0f_34.fastq_pos72_670_f0_r1	NR_151782.1	94.737	551	17	10	59	598	1	550	0.0	846	598	590	522
PAS36118_pass_barcode01_4fb720c2_3a09ab0f_34.fastq_pos72_670_f0_r1	NR_135410.1	93.414	577	27	10	32	598	9	584	0.0	845	598	624	539
PAS36118_pass_barcode01_4fb720c2_3a09ab0f_34.fastq_pos72_670_f0_r1	NR_136948.1	97.755	490	6	5	37	525	3	488	0.0	839	598	505	479
PAS36118_pass_barcode01_4fb720c2_3a09ab0f_34.fastq_pos72_670_f0_r1	NR_135411.1	93.241	577	28	10	32	598	9	584	0.0	839	598	624	538
PAS36118_pass_barcode01_4fb720c2_3a09ab0f_34.fastq_pos72_670_f0_r1	NR_137516.1	94.843	543	18	8	65	598	1	542	0.0	839	598	582	515
PAS36118_pass_barcode01_4fb720c2_3a09ab0f_34.fastq_pos72_670_f0_r1	NR_135436.1	94.679	545	17	10	65	598	1	544	0.0	835	598	584	516
PAS36118_pass_barcode01_4fb720c2_3a09ab0f_34.fastq_pos72_670_f0_r1	NR_135438.1	94.374	551	19	10	59	598	1	550	0.0	835	598	590	520
PAS36118_pass_barcode01_4fb720c2_3a09ab0f_34.fastq_pos72_670_f0_r1	NR_137514.1	94.679	545	17	9	65	598	1	544	0.0	835	598	584	516
PAS36118_pass_barcode01_4fb720c2_3a09ab0f_34.fastq_pos72_670_f0_r1	NR_135403.1	93.068	577	29	10	32	598	9	584	0.0	833	598	624	537
PAS36118_pass_barcode01_4fb720c2_3a09ab0f_34.fastq_pos72_670_f0_r1	NR_137442.1	97.358	492	9	4	37	525	3	493	0.0	833	598	510	479
PAS36118_pass_barcode01_4fb720c2_3a09ab0f_34.fastq_pos72_670_f0_r1	NR_159605.1	91.847	601	40	7	1	598	118	712	0.0	830	598	752	552
PAS36118_pass_barcode01_4fb720c2_3a09ab0f_34.fastq_pos72_670_f0_r1	NR_190236.1	93.863	554	21	9	48	590	1	552	0.0	822	598	552	520
PAS36118_pass_barcode01_4fb720c2_3a09ab0f_34.fastq_pos72_670_f0_r1	NR_151792.1	91.722	604	30	15	1	598	87	676	0.0	821	598	716	554
PAS36118_pass_barcode01_4fb720c2_3a09ab0f_34.fastq_pos72_670_f0_r1	NR_158821.1	91.708	603	25	20	1	598	1	583	0.0	813	598	583	553
PAS36118_pass_barcode01_4fb720c2_3a09ab0f_34.fastq_pos72_670_f0_r1	NR_160194.1	96.192	499	13	6	32	525	5	502	0.0	811	598	527	480
PAS36118_pass_barcode01_4fb720c2_3a09ab0f_34.fastq_pos72_670_f0_r1	NR_169981.1	91.570	605	25	20	1	598	114	699	0.0	811	598	739	554
PAS36118_pass_barcode01_4fb720c2_3a09ab0f_34.fastq_pos72_670_f0_r1	NR_131310.1	96.371	496	10	7	37	525	3	497	0.0	809	598	515	478
PAS36118_pass_barcode01_4fb720c2_3a09ab0f_34.fastq_pos72_670_f0_r1	NR_077152.1	91.376	603	33	16	1	598	1	589	0.0	808	598	613	551
PAS36118_pass_barcode01_4fb720c2_3a09ab0f_34.fastq_pos72_670_f0_r1	NR_137518.1	93.165	556	27	10	51	598	1	553	0.0	806	598	553	518
PAS36118_pass_barcode01_4fb720c2_3a09ab0f_34.fastq_pos72_670_f0_r1	NR_158820.1	91.391	604	29	17	1	598	1	587	0.0	806	598	587	552
PAS36118_pass_barcode01_4fb720c2_3a09ab0f_34.fastq_pos72_670_f0_r1	NR_158825.1	91.391	604	29	18	1	598	1	587	0.0	806	598	587	552
PAS36118_pass_barcode01_4fb720c2_3a09ab0f_34.fastq_pos72_670_f0_r1	NR_153225.1	92.483	572	27	13	32	598	9	569	0.0	804	598	609	529
PAS36118_pass_barcode01_4fb720c2_3a09ab0f_34.fastq_pos72_670_f0_r1	NR_153244.1	92.483	572	27	13	32	598	9	569	0.0	804	598	609	529
PAS36118_pass_barcode01_4fb720c2_3a09ab0f_34.fastq_pos72_670_f0_r1	NR_145178.1	92.483	572	27	14	32	598	9	569	0.0	804	598	609	529
PAS36118_pass_barcode01_4fb720c2_3a09ab0f_34.fastq_pos72_670_f0_r1	NR_153223.1	92.308	572	28	13	32	598	9	569	0.0	798	598	609	528
PAS36118_pass_barcode01_4fb720c2_3a09ab0f_34.fastq_pos72_670_f0_r1	NR_138306.1	91.181	601	34	15	1	598	104	688	0.0	798	598	728	548
PAS36118_pass_barcode01_4fb720c2_3a09ab0f_34.fastq_pos72_670_f0_r1	NR_145176.1	92.308	572	28	13	32	598	9	569	0.0	798	598	609	528
PAS36118_pass_barcode01_4fb720c2_3a09ab0f_34.fastq_pos72_670_f0_r1	NR_145177.1	92.308	572	29	13	32	598	9	570	0.0	798	598	610	528
PAS36118_pass_barcode01_4fb720c2_3a09ab0f_34.fastq_pos72_670_f0_r1	NR_144845.1	91.196	602	30	17	1	598	59	641	0.0	797	598	681	549
PAS36118_pass_barcode01_4fb720c2_3a09ab0f_34.fastq_pos72_670_f0_r1	NR_153220.1	92.308	572	27	14	32	598	9	568	0.0	797	598	608	528
PAS36118_pass_barcode01_4fb720c2_3a09ab0f_34.fastq_pos72_670_f0_r1	NR_171587.1	91.030	602	36	15	1	598	1	588	0.0	797	598	588	548
PAS36118_pass_barcode01_4fb720c2_3a09ab0f_34.fastq_pos72_670_f0_r1	NR_153222.1	92.133	572	29	13	32	598	9	569	0.0	793	598	609	527
PAS36118_pass_barcode01_4fb720c2_3a09ab0f_34.fastq_pos72_670_f0_r1	NR_156585.1	92.147	573	25	16	32	598	9	567	0.0	791	598	607	528
PAS36118_pass_barcode01_4fb720c2_3a09ab0f_34.fastq_pos72_670_f0_r1	NR_119501.1	92.014	576	24	17	14	583	1	560	0.0	789	598	561	530
PAS36118_pass_barcode01_4fb720c2_3a09ab0f_34.fastq_pos72_670_f0_r1	NR_153221.1	91.958	572	30	13	32	598	9	569	0.0	787	598	609	526
PAS36118_pass_barcode01_4fb720c2_3a09ab0f_34.fastq_pos72_670_f0_r1	NR_145175.1	91.958	572	30	13	32	598	9	569	0.0	787	598	609	526
PAS36118_pass_barcode01_4fb720c2_3a09ab0f_34.fastq_pos72_670_f0_r1	NR_198039.1	90.833	600	35	15	1	595	71	655	0.0	785	598	655	545
PAS36118_pass_barcode01_4fb720c2_3a09ab0f_34.fastq_pos72_670_f0_r1	NR_158822.1	90.728	604	33	18	1	598	2	588	0.0	784	598	588	548
PAS36118_pass_barcode01_4fb720c2_3a09ab0f_34.fastq_pos72_670_f0_r1	NR_121202.1	91.769	571	35	12	32	598	9	571	0.0	784	598	611	524
PAS36118_pass_barcode01_4fb720c2_3a09ab0f_34.fastq_pos72_670_f0_r1	NR_198111.1	90.818	599	36	15	1	598	92	672	0.0	784	598	712	544
PAS36118_pass_barcode01_4fb720c2_3a09ab0f_34.fastq_pos72_670_f0_r1	NR_138263.1	91.798	573	29	14	32	598	9	569	0.0	782	598	609	526
PAS36118_pass_barcode01_4fb720c2_3a09ab0f_34.fastq_pos72_670_f0_r1	NR_121278.1	91.769	571	33	13	32	598	9	569	0.0	782	598	609	524
PAS36118_pass_barcode01_4fb720c2_3a09ab0f_34.fastq_pos72_670_f0_r1	NR_160206.1	95.171	497	18	6	59	550	8	503	0.0	780	598	505	473
PAS36118_pass_barcode01_4fb720c2_3a09ab0f_34.fastq_pos72_670_f0_r1	NR_198141.1	91.424	583	28	16	1	577	3	569	0.0	780	598	571	533
PAS36118_pass_barcode01_4fb720c2_3a09ab0f_34.fastq_pos72_670_f0_r1	NR_138339.1	91.623	573	31	14	32	598	8	569	0.0	776	598	609	525
PAS36118_pass_barcode01_4fb720c2_3a09ab0f_34.fastq_pos72_670_f0_r1	NR_103606.1	90.349	601	42	13	1	595	1	591	0.0	774	598	591	543
PAS36118_pass_barcode01_4fb720c2_3a09ab0f_34.fastq_pos72_670_f0_r1	NR_121231.1	91.594	571	33	13	32	598	9	568	0.0	774	598	608	523
PAS36118_pass_barcode01_4fb720c2_3a09ab0f_34.fastq_pos72_670_f0_r1	NR_121249.1	91.594	571	30	15	32	598	9	565	0.0	773	598	605	523
PAS36118_pass_barcode01_4fb720c2_3a09ab0f_34.fastq_pos72_670_f0_r1	NR_171586.1	90.516	601	34	16	1	598	1	581	0.0	773	598	581	544
PAS36118_pass_barcode01_4fb720c2_3a09ab0f_34.fastq_pos72_670_f0_r1	NR_137494.1	95.306	490	15	7	43	525	1	489	0.0	771	598	489	467
PAS36118_pass_barcode01_4fb720c2_3a09ab0f_34.fastq_pos72_670_f0_r1	NR_156498.1	91.419	571	35	13	32	598	9	569	0.0	771	598	609	522
PAS36118_pass_barcode01_4fb720c2_3a09ab0f_34.fastq_pos72_670_f0_r1	NR_121277.1	91.419	571	35	13	32	598	9	569	0.0	771	598	609	522
PAS36118_pass_barcode01_4fb720c2_3a09ab0f_34.fastq_pos72_670_f0_r1	NR_198464.1	91.993	562	25	16	32	587	14	561	0.0	771	598	561	517
PAS36118_pass_barcode01_4fb720c2_3a09ab0f_34.fastq_pos72_670_f0_r1	NR_121229.1	91.449	573	30	17	32	598	9	568	0.0	769	598	608	524
PAS36118_pass_barcode01_4fb720c2_3a09ab0f_34.fastq_pos72_670_f0_r1	NR_137453.1	91.549	568	31	14	36	598	1	556	0.0	767	598	596	520
PAS36118_pass_barcode01_4fb720c2_3a09ab0f_34.fastq_pos72_670_f0_r1	NR_153252.1	90.349	601	35	18	1	598	59	639	0.0	767	598	679	543
PAS36118_pass_barcode01_4fb720c2_3a09ab0f_34.fastq_pos72_670_f0_r1	NR_154738.1	96.760	463	10	5	67	525	1	462	0.0	767	598	474	448
PAS36118_pass_barcode01_4fb720c2_3a09ab0f_34.fastq_pos72_670_f0_r1	NR_077149.1	90.115	607	37	19	1	598	1	593	0.0	767	598	617	547
PAS36118_pass_barcode01_4fb720c2_3a09ab0f_34.fastq_pos72_670_f0_r1	NR_120271.1	91.434	572	30	15	32	598	9	566	0.0	767	598	622	523
PAS36118_pass_barcode01_4fb720c2_3a09ab0f_34.fastq_pos72_670_f0_r1	NR_160081.1	91.404	570	33	13	32	598	9	565	0.0	767	598	605	521
PAS36118_pass_barcode01_4fb720c2_3a09ab0f_34.fastq_pos72_670_f0_r1	NR_198463.1	91.815	562	28	15	32	587	14	563	0.0	767	598	563	516
