fdb8e7a9-74af-4169-a68b-c25ec3d27c61	NR_121481.1	97.667	600	9	4	1	598	71	667	0.0	1026	598	707	586
fdb8e7a9-74af-4169-a68b-c25ec3d27c61	NR_138362.1	96.833	600	12	5	1	598	57	651	0.0	996	598	691	581
fdb8e7a9-74af-4169-a68b-c25ec3d27c61	NR_171617.1	96.167	600	13	8	1	598	97	688	0.0	972	598	728	577
fdb8e7a9-74af-4169-a68b-c25ec3d27c61	NR_138341.1	95.515	602	18	7	1	598	113	709	0.0	953	598	749	575
fdb8e7a9-74af-4169-a68b-c25ec3d27c61	NR_137479.1	96.386	581	12	7	20	598	1	574	0.0	948	598	614	560
fdb8e7a9-74af-4169-a68b-c25ec3d27c61	NR_135407.1	96.392	582	10	10	20	598	1	574	0.0	948	598	614	561
fdb8e7a9-74af-4169-a68b-c25ec3d27c61	NR_151816.1	97.163	564	9	5	1	560	3	563	0.0	946	598	579	548
fdb8e7a9-74af-4169-a68b-c25ec3d27c61	NR_172047.1	95.050	606	19	10	1	598	97	699	0.0	942	598	739	576
fdb8e7a9-74af-4169-a68b-c25ec3d27c61	NR_171616.1	94.901	608	17	11	1	598	97	700	0.0	939	598	740	577
fdb8e7a9-74af-4169-a68b-c25ec3d27c61	NR_172048.1	94.737	608	18	10	1	598	71	674	0.0	933	598	714	576
fdb8e7a9-74af-4169-a68b-c25ec3d27c61	NR_137489.1	95.869	581	15	7	20	598	1	574	0.0	931	598	614	557
fdb8e7a9-74af-4169-a68b-c25ec3d27c61	NR_171612.1	94.719	606	20	10	1	598	102	703	0.0	931	598	743	574
fdb8e7a9-74af-4169-a68b-c25ec3d27c61	NR_191334.1	96.637	565	11	6	1	560	71	632	0.0	931	598	648	546
fdb8e7a9-74af-4169-a68b-c25ec3d27c61	NR_135405.1	95.712	583	16	7	20	598	1	578	0.0	929	598	618	558
fdb8e7a9-74af-4169-a68b-c25ec3d27c61	NR_151815.1	96.485	569	9	8	1	560	3	569	0.0	929	598	585	549
fdb8e7a9-74af-4169-a68b-c25ec3d27c61	NR_172044.1	94.572	608	19	11	1	598	16	619	0.0	928	598	620	575
fdb8e7a9-74af-4169-a68b-c25ec3d27c61	NR_135409.1	95.548	584	16	8	20	598	1	579	0.0	926	598	619	558
fdb8e7a9-74af-4169-a68b-c25ec3d27c61	NR_135404.1	95.392	586	17	8	20	598	1	583	0.0	924	598	623	559
fdb8e7a9-74af-4169-a68b-c25ec3d27c61	NR_137517.1	95.540	583	17	7	20	598	1	578	0.0	924	598	618	557
fdb8e7a9-74af-4169-a68b-c25ec3d27c61	NR_137482.1	95.385	585	17	9	20	598	1	581	0.0	922	598	621	558
fdb8e7a9-74af-4169-a68b-c25ec3d27c61	NR_169980.1	94.234	607	22	12	1	598	97	699	0.0	915	598	739	572
fdb8e7a9-74af-4169-a68b-c25ec3d27c61	NR_171618.1	94.224	606	24	9	1	598	97	699	0.0	915	598	739	571
fdb8e7a9-74af-4169-a68b-c25ec3d27c61	NR_137443.1	97.238	543	7	6	20	560	1	537	0.0	913	598	553	528
fdb8e7a9-74af-4169-a68b-c25ec3d27c61	NR_135406.1	95.043	585	19	8	20	598	1	581	0.0	911	598	621	556
fdb8e7a9-74af-4169-a68b-c25ec3d27c61	NR_135408.1	95.043	585	18	9	20	598	1	580	0.0	909	598	620	556
fdb8e7a9-74af-4169-a68b-c25ec3d27c61	NR_137488.1	94.889	587	18	10	20	598	1	583	0.0	907	598	623	557
fdb8e7a9-74af-4169-a68b-c25ec3d27c61	NR_137483.1	94.728	588	19	9	20	598	1	585	0.0	904	598	625	557
fdb8e7a9-74af-4169-a68b-c25ec3d27c61	NR_137486.1	94.737	589	17	11	20	598	1	585	0.0	904	598	625	558
fdb8e7a9-74af-4169-a68b-c25ec3d27c61	NR_137485.1	94.728	588	18	10	20	598	1	584	0.0	902	598	624	557
fdb8e7a9-74af-4169-a68b-c25ec3d27c61	NR_137490.1	94.558	588	19	10	20	598	1	584	0.0	896	598	624	556
fdb8e7a9-74af-4169-a68b-c25ec3d27c61	NR_137480.1	94.539	586	20	10	20	598	1	581	0.0	894	598	621	554
fdb8e7a9-74af-4169-a68b-c25ec3d27c61	NR_172366.1	96.357	549	10	8	20	560	1	547	0.0	894	598	563	529
fdb8e7a9-74af-4169-a68b-c25ec3d27c61	NR_135412.1	94.369	586	23	9	20	598	1	583	0.0	891	598	623	553
fdb8e7a9-74af-4169-a68b-c25ec3d27c61	NR_135437.1	94.502	582	20	9	26	598	1	579	0.0	887	598	619	550
fdb8e7a9-74af-4169-a68b-c25ec3d27c61	NR_137484.1	94.228	589	21	11	20	598	1	586	0.0	887	598	626	555
fdb8e7a9-74af-4169-a68b-c25ec3d27c61	NR_121482.1	93.388	605	28	11	1	598	71	670	0.0	885	598	710	565
fdb8e7a9-74af-4169-a68b-c25ec3d27c61	NR_137481.1	94.178	584	26	5	20	598	1	581	0.0	883	598	621	550
fdb8e7a9-74af-4169-a68b-c25ec3d27c61	NR_171609.1	93.212	604	31	9	1	598	102	701	0.0	880	598	741	563
fdb8e7a9-74af-4169-a68b-c25ec3d27c61	NR_136948.1	97.647	510	5	6	31	538	1	505	0.0	869	598	505	498
fdb8e7a9-74af-4169-a68b-c25ec3d27c61	NR_137442.1	97.070	512	9	5	31	538	1	510	0.0	857	598	510	497
fdb8e7a9-74af-4169-a68b-c25ec3d27c61	NR_135410.1	93.186	587	29	10	20	598	1	584	0.0	852	598	624	547
fdb8e7a9-74af-4169-a68b-c25ec3d27c61	NR_160194.1	96.030	529	11	9	24	544	1	527	0.0	852	598	527	508
fdb8e7a9-74af-4169-a68b-c25ec3d27c61	NR_137515.1	95.212	543	16	8	63	598	3	542	0.0	850	598	582	517
fdb8e7a9-74af-4169-a68b-c25ec3d27c61	NR_135411.1	93.015	587	30	10	20	598	1	584	0.0	846	598	624	546
fdb8e7a9-74af-4169-a68b-c25ec3d27c61	NR_151782.1	94.575	553	18	10	55	598	1	550	0.0	845	598	590	523
fdb8e7a9-74af-4169-a68b-c25ec3d27c61	NR_135403.1	92.845	587	31	10	20	598	1	584	0.0	841	598	624	545
fdb8e7a9-74af-4169-a68b-c25ec3d27c61	NR_137516.1	94.843	543	18	8	63	598	3	542	0.0	839	598	582	515
fdb8e7a9-74af-4169-a68b-c25ec3d27c61	NR_135436.1	94.679	545	17	10	63	598	3	544	0.0	835	598	584	516
fdb8e7a9-74af-4169-a68b-c25ec3d27c61	NR_137514.1	94.679	545	17	8	63	598	3	544	0.0	835	598	584	516
fdb8e7a9-74af-4169-a68b-c25ec3d27c61	NR_131310.1	96.132	517	9	9	31	538	1	515	0.0	833	598	515	497
fdb8e7a9-74af-4169-a68b-c25ec3d27c61	NR_135438.1	94.213	553	20	9	55	598	1	550	0.0	833	598	590	521
fdb8e7a9-74af-4169-a68b-c25ec3d27c61	NR_151792.1	92.027	602	32	14	1	598	87	676	0.0	832	598	716	554
fdb8e7a9-74af-4169-a68b-c25ec3d27c61	NR_190236.1	95.057	526	15	7	44	560	1	524	0.0	817	598	552	500
fdb8e7a9-74af-4169-a68b-c25ec3d27c61	NR_159605.1	91.348	601	43	8	1	598	118	712	0.0	813	598	752	549
fdb8e7a9-74af-4169-a68b-c25ec3d27c61	NR_158821.1	91.500	600	32	16	1	598	1	583	0.0	808	598	583	549
fdb8e7a9-74af-4169-a68b-c25ec3d27c61	NR_077152.1	91.181	601	38	14	1	598	1	589	0.0	802	598	613	548
fdb8e7a9-74af-4169-a68b-c25ec3d27c61	NR_158820.1	91.181	601	36	13	1	598	1	587	0.0	800	598	587	548
fdb8e7a9-74af-4169-a68b-c25ec3d27c61	NR_158825.1	91.181	601	36	14	1	598	1	587	0.0	800	598	587	548
fdb8e7a9-74af-4169-a68b-c25ec3d27c61	NR_153225.1	91.767	583	30	15	20	598	1	569	0.0	795	598	609	535
fdb8e7a9-74af-4169-a68b-c25ec3d27c61	NR_153244.1	91.767	583	30	15	20	598	1	569	0.0	795	598	609	535
fdb8e7a9-74af-4169-a68b-c25ec3d27c61	NR_145178.1	91.753	582	32	14	20	598	1	569	0.0	795	598	609	534
fdb8e7a9-74af-4169-a68b-c25ec3d27c61	NR_144845.1	91.015	601	33	17	1	598	59	641	0.0	791	598	681	547
fdb8e7a9-74af-4169-a68b-c25ec3d27c61	NR_154738.1	97.040	473	8	5	63	530	1	472	0.0	791	598	474	459
fdb8e7a9-74af-4169-a68b-c25ec3d27c61	NR_172032.1	90.864	602	38	14	1	598	1	589	0.0	791	598	589	547
fdb8e7a9-74af-4169-a68b-c25ec3d27c61	NR_153223.1	91.595	583	31	15	20	598	1	569	0.0	789	598	609	534
fdb8e7a9-74af-4169-a68b-c25ec3d27c61	NR_145176.1	91.595	583	31	15	20	598	1	569	0.0	789	598	609	534
fdb8e7a9-74af-4169-a68b-c25ec3d27c61	NR_145177.1	91.610	584	30	16	20	598	1	570	0.0	789	598	610	535
fdb8e7a9-74af-4169-a68b-c25ec3d27c61	NR_169981.1	90.894	604	31	19	1	598	114	699	0.0	789	598	739	549
fdb8e7a9-74af-4169-a68b-c25ec3d27c61	NR_198141.1	92.376	564	28	13	1	560	3	555	0.0	789	598	571	521
fdb8e7a9-74af-4169-a68b-c25ec3d27c61	NR_137518.1	92.473	558	31	10	47	598	1	553	0.0	787	598	553	516
fdb8e7a9-74af-4169-a68b-c25ec3d27c61	NR_119501.1	92.935	552	22	14	14	560	1	540	0.0	787	598	561	513
fdb8e7a9-74af-4169-a68b-c25ec3d27c61	NR_146250.1	90.818	599	38	14	4	598	1	586	0.0	785	598	587	544
fdb8e7a9-74af-4169-a68b-c25ec3d27c61	NR_160206.1	95.400	500	12	9	55	547	8	503	0.0	785	598	505	477
fdb8e7a9-74af-4169-a68b-c25ec3d27c61	NR_171587.1	90.667	600	42	13	1	598	1	588	0.0	785	598	588	544
fdb8e7a9-74af-4169-a68b-c25ec3d27c61	NR_176764.1	95.391	499	13	8	48	538	1	497	0.0	785	598	497	476
fdb8e7a9-74af-4169-a68b-c25ec3d27c61	NR_153222.1	91.424	583	32	15	20	598	1	569	0.0	784	598	609	533
fdb8e7a9-74af-4169-a68b-c25ec3d27c61	NR_153220.1	91.379	580	37	11	20	598	1	568	0.0	782	598	608	530
fdb8e7a9-74af-4169-a68b-c25ec3d27c61	NR_138306.1	90.682	601	37	16	1	598	104	688	0.0	782	598	728	545
fdb8e7a9-74af-4169-a68b-c25ec3d27c61	NR_185789.1	92.199	564	24	15	1	560	71	618	0.0	780	598	639	520
fdb8e7a9-74af-4169-a68b-c25ec3d27c61	NR_198039.1	90.667	600	36	17	1	595	71	655	0.0	780	598	655	544
fdb8e7a9-74af-4169-a68b-c25ec3d27c61	NR_153221.1	91.252	583	33	15	20	598	1	569	0.0	778	598	609	532
fdb8e7a9-74af-4169-a68b-c25ec3d27c61	NR_138263.1	91.237	582	35	14	20	598	1	569	0.0	778	598	609	531
fdb8e7a9-74af-4169-a68b-c25ec3d27c61	NR_145175.1	91.252	583	33	15	20	598	1	569	0.0	778	598	609	532
fdb8e7a9-74af-4169-a68b-c25ec3d27c61	NR_158822.1	90.532	602	38	15	1	598	2	588	0.0	778	598	588	545
fdb8e7a9-74af-4169-a68b-c25ec3d27c61	NR_177502.1	90.429	606	35	19	1	598	104	694	0.0	776	598	734	548
fdb8e7a9-74af-4169-a68b-c25ec3d27c61	NR_135382.1	91.594	571	32	14	32	598	1	559	0.0	774	598	599	523
fdb8e7a9-74af-4169-a68b-c25ec3d27c61	NR_135383.1	91.594	571	32	14	32	598	1	559	0.0	774	598	599	523
fdb8e7a9-74af-4169-a68b-c25ec3d27c61	NR_135345.1	91.696	566	33	14	32	595	1	554	0.0	773	598	597	519
fdb8e7a9-74af-4169-a68b-c25ec3d27c61	NR_151822.1	90.816	588	39	15	14	598	1	576	0.0	773	598	616	534
fdb8e7a9-74af-4169-a68b-c25ec3d27c61	NR_103605.1	90.232	604	42	15	1	595	1	596	0.0	773	598	596	545
fdb8e7a9-74af-4169-a68b-c25ec3d27c61	NR_153208.1	92.950	539	22	13	20	554	1	527	0.0	771	598	527	501
fdb8e7a9-74af-4169-a68b-c25ec3d27c61	NR_138339.1	91.050	581	37	14	21	598	1	569	0.0	771	598	609	529
fdb8e7a9-74af-4169-a68b-c25ec3d27c61	NR_163675.1	90.349	601	38	17	1	598	88	671	0.0	771	598	711	543
fdb8e7a9-74af-4169-a68b-c25ec3d27c61	NR_163678.1	90.333	600	40	15	1	598	69	652	0.0	771	598	692	542
fdb8e7a9-74af-4169-a68b-c25ec3d27c61	NR_171585.1	90.333	600	40	15	1	598	1	584	0.0	771	598	584	542
fdb8e7a9-74af-4169-a68b-c25ec3d27c61	NR_135384.1	91.434	572	32	15	32	598	1	560	0.0	769	598	600	523
fdb8e7a9-74af-4169-a68b-c25ec3d27c61	NR_137494.1	95.306	490	14	7	39	520	1	489	0.0	769	598	489	467
fdb8e7a9-74af-4169-a68b-c25ec3d27c61	NR_159627.1	90.115	607	38	17	1	598	81	674	0.0	769	598	714	547
fdb8e7a9-74af-4169-a68b-c25ec3d27c61	NR_121202.1	90.878	581	41	12	20	598	1	571	0.0	769	598	611	528
fdb8e7a9-74af-4169-a68b-c25ec3d27c61	NR_077149.1	90.115	607	37	19	1	598	1	593	0.0	767	598	617	547
