PAS36118_pass_barcode01_4fb720c2_3a09ab0f_12.fastq_pos1785_2380_f0_r4	NR_121481.1	98.829	598	3	4	1	595	71	667	0.0	1062	595	707	591
PAS36118_pass_barcode01_4fb720c2_3a09ab0f_12.fastq_pos1785_2380_f0_r4	NR_138362.1	97.993	598	6	5	1	595	57	651	0.0	1033	595	691	586
PAS36118_pass_barcode01_4fb720c2_3a09ab0f_12.fastq_pos1785_2380_f0_r4	NR_171617.1	97.487	597	8	6	1	595	97	688	0.0	1013	595	728	582
PAS36118_pass_barcode01_4fb720c2_3a09ab0f_12.fastq_pos1785_2380_f0_r4	NR_138341.1	96.828	599	13	5	1	595	113	709	0.0	996	595	749	580
PAS36118_pass_barcode01_4fb720c2_3a09ab0f_12.fastq_pos1785_2380_f0_r4	NR_137479.1	97.582	579	6	7	20	595	1	574	0.0	985	595	614	565
PAS36118_pass_barcode01_4fb720c2_3a09ab0f_12.fastq_pos1785_2380_f0_r4	NR_135407.1	97.405	578	9	6	20	595	1	574	0.0	979	595	614	563
PAS36118_pass_barcode01_4fb720c2_3a09ab0f_12.fastq_pos1785_2380_f0_r4	NR_171616.1	96.198	605	12	10	1	595	97	700	0.0	979	595	740	582
PAS36118_pass_barcode01_4fb720c2_3a09ab0f_12.fastq_pos1785_2380_f0_r4	NR_172047.1	96.186	603	15	7	1	595	97	699	0.0	979	595	739	580
PAS36118_pass_barcode01_4fb720c2_3a09ab0f_12.fastq_pos1785_2380_f0_r4	NR_137489.1	97.232	578	10	4	20	595	1	574	0.0	974	595	614	562
PAS36118_pass_barcode01_4fb720c2_3a09ab0f_12.fastq_pos1785_2380_f0_r4	NR_172044.1	96.033	605	13	10	1	595	16	619	0.0	974	595	620	581
PAS36118_pass_barcode01_4fb720c2_3a09ab0f_12.fastq_pos1785_2380_f0_r4	NR_172048.1	96.033	605	13	9	1	595	71	674	0.0	974	595	714	581
PAS36118_pass_barcode01_4fb720c2_3a09ab0f_12.fastq_pos1785_2380_f0_r4	NR_171612.1	96.020	603	15	8	1	595	102	703	0.0	972	595	743	579
PAS36118_pass_barcode01_4fb720c2_3a09ab0f_12.fastq_pos1785_2380_f0_r4	NR_135405.1	96.897	580	12	5	20	595	1	578	0.0	966	595	618	562
PAS36118_pass_barcode01_4fb720c2_3a09ab0f_12.fastq_pos1785_2380_f0_r4	NR_151816.1	96.891	579	13	4	1	576	3	579	0.0	965	595	579	561
PAS36118_pass_barcode01_4fb720c2_3a09ab0f_12.fastq_pos1785_2380_f0_r4	NR_137482.1	96.735	582	12	7	20	595	1	581	0.0	963	595	621	563
PAS36118_pass_barcode01_4fb720c2_3a09ab0f_12.fastq_pos1785_2380_f0_r4	NR_135409.1	96.730	581	12	6	20	595	1	579	0.0	961	595	619	562
PAS36118_pass_barcode01_4fb720c2_3a09ab0f_12.fastq_pos1785_2380_f0_r4	NR_137517.1	96.724	580	13	5	20	595	1	578	0.0	961	595	618	561
PAS36118_pass_barcode01_4fb720c2_3a09ab0f_12.fastq_pos1785_2380_f0_r4	NR_135404.1	96.569	583	13	7	20	595	1	583	0.0	959	595	623	563
PAS36118_pass_barcode01_4fb720c2_3a09ab0f_12.fastq_pos1785_2380_f0_r4	NR_191334.1	96.552	580	14	5	1	576	71	648	0.0	955	595	648	560
PAS36118_pass_barcode01_4fb720c2_3a09ab0f_12.fastq_pos1785_2380_f0_r4	NR_151815.1	96.404	584	12	8	1	576	3	585	0.0	953	595	585	563
PAS36118_pass_barcode01_4fb720c2_3a09ab0f_12.fastq_pos1785_2380_f0_r4	NR_135406.1	96.392	582	14	7	20	595	1	581	0.0	952	595	621	561
PAS36118_pass_barcode01_4fb720c2_3a09ab0f_12.fastq_pos1785_2380_f0_r4	NR_135408.1	96.392	582	13	7	20	595	1	580	0.0	952	595	620	561
PAS36118_pass_barcode01_4fb720c2_3a09ab0f_12.fastq_pos1785_2380_f0_r4	NR_169980.1	95.364	604	18	9	1	595	97	699	0.0	952	595	739	576
PAS36118_pass_barcode01_4fb720c2_3a09ab0f_12.fastq_pos1785_2380_f0_r4	NR_171618.1	95.357	603	20	7	1	595	97	699	0.0	952	595	739	575
PAS36118_pass_barcode01_4fb720c2_3a09ab0f_12.fastq_pos1785_2380_f0_r4	NR_137488.1	96.233	584	13	8	20	595	1	583	0.0	948	595	623	562
PAS36118_pass_barcode01_4fb720c2_3a09ab0f_12.fastq_pos1785_2380_f0_r4	NR_137483.1	96.068	585	14	7	20	595	1	585	0.0	944	595	625	562
PAS36118_pass_barcode01_4fb720c2_3a09ab0f_12.fastq_pos1785_2380_f0_r4	NR_137485.1	96.068	585	13	9	20	595	1	584	0.0	944	595	624	562
PAS36118_pass_barcode01_4fb720c2_3a09ab0f_12.fastq_pos1785_2380_f0_r4	NR_137486.1	96.075	586	12	10	20	595	1	585	0.0	944	595	625	563
PAS36118_pass_barcode01_4fb720c2_3a09ab0f_12.fastq_pos1785_2380_f0_r4	NR_137490.1	95.897	585	14	9	20	595	1	584	0.0	939	595	624	561
PAS36118_pass_barcode01_4fb720c2_3a09ab0f_12.fastq_pos1785_2380_f0_r4	NR_137443.1	97.133	558	10	5	20	576	1	553	0.0	937	595	553	542
PAS36118_pass_barcode01_4fb720c2_3a09ab0f_12.fastq_pos1785_2380_f0_r4	NR_137480.1	95.883	583	15	8	20	595	1	581	0.0	935	595	621	559
PAS36118_pass_barcode01_4fb720c2_3a09ab0f_12.fastq_pos1785_2380_f0_r4	NR_135412.1	95.712	583	18	6	20	595	1	583	0.0	931	595	623	558
PAS36118_pass_barcode01_4fb720c2_3a09ab0f_12.fastq_pos1785_2380_f0_r4	NR_137484.1	95.563	586	16	9	20	595	1	586	0.0	929	595	626	560
PAS36118_pass_barcode01_4fb720c2_3a09ab0f_12.fastq_pos1785_2380_f0_r4	NR_135437.1	95.855	579	15	7	26	595	1	579	0.0	928	595	619	555
PAS36118_pass_barcode01_4fb720c2_3a09ab0f_12.fastq_pos1785_2380_f0_r4	NR_171609.1	94.693	603	21	10	1	595	102	701	0.0	926	595	741	571
PAS36118_pass_barcode01_4fb720c2_3a09ab0f_12.fastq_pos1785_2380_f0_r4	NR_137481.1	95.525	581	21	4	20	595	1	581	0.0	924	595	621	555
PAS36118_pass_barcode01_4fb720c2_3a09ab0f_12.fastq_pos1785_2380_f0_r4	NR_121482.1	94.518	602	24	8	1	595	71	670	0.0	920	595	710	569
PAS36118_pass_barcode01_4fb720c2_3a09ab0f_12.fastq_pos1785_2380_f0_r4	NR_172366.1	96.277	564	13	8	20	576	1	563	0.0	918	595	563	543
PAS36118_pass_barcode01_4fb720c2_3a09ab0f_12.fastq_pos1785_2380_f0_r4	NR_135410.1	94.521	584	24	7	20	595	1	584	0.0	894	595	624	552
PAS36118_pass_barcode01_4fb720c2_3a09ab0f_12.fastq_pos1785_2380_f0_r4	NR_135411.1	94.349	584	25	7	20	595	1	584	0.0	889	595	624	551
PAS36118_pass_barcode01_4fb720c2_3a09ab0f_12.fastq_pos1785_2380_f0_r4	NR_151782.1	96.000	550	13	8	55	595	1	550	0.0	885	595	590	528
PAS36118_pass_barcode01_4fb720c2_3a09ab0f_12.fastq_pos1785_2380_f0_r4	NR_135403.1	94.178	584	26	7	20	595	1	584	0.0	883	595	624	550
PAS36118_pass_barcode01_4fb720c2_3a09ab0f_12.fastq_pos1785_2380_f0_r4	NR_137515.1	96.310	542	13	7	61	595	1	542	0.0	883	595	582	522
PAS36118_pass_barcode01_4fb720c2_3a09ab0f_12.fastq_pos1785_2380_f0_r4	NR_137516.1	96.125	542	14	7	61	595	1	542	0.0	878	595	582	521
PAS36118_pass_barcode01_4fb720c2_3a09ab0f_12.fastq_pos1785_2380_f0_r4	NR_151792.1	93.489	599	26	12	1	595	87	676	0.0	878	595	716	560
PAS36118_pass_barcode01_4fb720c2_3a09ab0f_12.fastq_pos1785_2380_f0_r4	NR_135436.1	95.956	544	13	8	61	595	1	544	0.0	874	595	584	522
PAS36118_pass_barcode01_4fb720c2_3a09ab0f_12.fastq_pos1785_2380_f0_r4	NR_135438.1	95.636	550	15	7	55	595	1	550	0.0	874	595	590	526
PAS36118_pass_barcode01_4fb720c2_3a09ab0f_12.fastq_pos1785_2380_f0_r4	NR_137514.1	95.956	544	13	7	61	595	1	544	0.0	874	595	584	522
PAS36118_pass_barcode01_4fb720c2_3a09ab0f_12.fastq_pos1785_2380_f0_r4	NR_190236.1	95.471	552	16	7	44	587	1	551	0.0	872	595	552	527
PAS36118_pass_barcode01_4fb720c2_3a09ab0f_12.fastq_pos1785_2380_f0_r4	NR_136948.1	97.642	509	7	5	31	538	1	505	0.0	869	595	505	497
PAS36118_pass_barcode01_4fb720c2_3a09ab0f_12.fastq_pos1785_2380_f0_r4	NR_159605.1	92.654	599	36	8	1	595	118	712	0.0	856	595	752	555
PAS36118_pass_barcode01_4fb720c2_3a09ab0f_12.fastq_pos1785_2380_f0_r4	NR_137442.1	96.869	511	12	4	31	538	1	510	0.0	852	595	510	495
PAS36118_pass_barcode01_4fb720c2_3a09ab0f_12.fastq_pos1785_2380_f0_r4	NR_160194.1	96.023	528	13	8	24	544	1	527	0.0	852	595	527	507
PAS36118_pass_barcode01_4fb720c2_3a09ab0f_12.fastq_pos1785_2380_f0_r4	NR_158821.1	92.642	598	26	14	1	595	1	583	0.0	845	595	583	554
PAS36118_pass_barcode01_4fb720c2_3a09ab0f_12.fastq_pos1785_2380_f0_r4	NR_077152.1	92.475	598	33	12	1	595	1	589	0.0	845	595	613	553
PAS36118_pass_barcode01_4fb720c2_3a09ab0f_12.fastq_pos1785_2380_f0_r4	NR_158825.1	92.462	597	33	10	1	595	1	587	0.0	843	595	587	552
PAS36118_pass_barcode01_4fb720c2_3a09ab0f_12.fastq_pos1785_2380_f0_r4	NR_172032.1	92.308	598	34	10	1	595	1	589	0.0	839	595	589	552
PAS36118_pass_barcode01_4fb720c2_3a09ab0f_12.fastq_pos1785_2380_f0_r4	NR_169981.1	92.333	600	27	15	1	595	114	699	0.0	835	595	739	554
PAS36118_pass_barcode01_4fb720c2_3a09ab0f_12.fastq_pos1785_2380_f0_r4	NR_146250.1	92.269	595	34	10	4	595	1	586	0.0	833	595	587	549
PAS36118_pass_barcode01_4fb720c2_3a09ab0f_12.fastq_pos1785_2380_f0_r4	NR_131310.1	96.124	516	11	8	31	538	1	515	0.0	833	595	515	496
PAS36118_pass_barcode01_4fb720c2_3a09ab0f_12.fastq_pos1785_2380_f0_r4	NR_158820.1	92.167	600	29	14	1	595	1	587	0.0	832	595	587	553
PAS36118_pass_barcode01_4fb720c2_3a09ab0f_12.fastq_pos1785_2380_f0_r4	NR_171587.1	92.140	598	34	13	1	595	1	588	0.0	832	595	588	551
PAS36118_pass_barcode01_4fb720c2_3a09ab0f_12.fastq_pos1785_2380_f0_r4	NR_137518.1	93.896	557	22	11	47	595	1	553	0.0	830	595	553	523
PAS36118_pass_barcode01_4fb720c2_3a09ab0f_12.fastq_pos1785_2380_f0_r4	NR_144845.1	92.154	599	27	17	1	595	59	641	0.0	828	595	681	552
PAS36118_pass_barcode01_4fb720c2_3a09ab0f_12.fastq_pos1785_2380_f0_r4	NR_158822.1	91.973	598	34	11	1	595	2	588	0.0	826	595	588	550
PAS36118_pass_barcode01_4fb720c2_3a09ab0f_12.fastq_pos1785_2380_f0_r4	NR_138263.1	92.734	578	31	9	20	595	1	569	0.0	824	595	609	536
PAS36118_pass_barcode01_4fb720c2_3a09ab0f_12.fastq_pos1785_2380_f0_r4	NR_138306.1	91.987	599	30	15	1	595	104	688	0.0	824	595	728	551
PAS36118_pass_barcode01_4fb720c2_3a09ab0f_12.fastq_pos1785_2380_f0_r4	NR_135382.1	93.134	568	26	12	32	595	1	559	0.0	821	595	599	529
PAS36118_pass_barcode01_4fb720c2_3a09ab0f_12.fastq_pos1785_2380_f0_r4	NR_135383.1	93.134	568	26	12	32	595	1	559	0.0	821	595	599	529
PAS36118_pass_barcode01_4fb720c2_3a09ab0f_12.fastq_pos1785_2380_f0_r4	NR_151822.1	92.308	585	33	12	14	595	1	576	0.0	821	595	616	540
PAS36118_pass_barcode01_4fb720c2_3a09ab0f_12.fastq_pos1785_2380_f0_r4	NR_153225.1	92.612	582	24	15	20	595	1	569	0.0	819	595	609	539
PAS36118_pass_barcode01_4fb720c2_3a09ab0f_12.fastq_pos1785_2380_f0_r4	NR_153244.1	92.612	582	24	15	20	595	1	569	0.0	819	595	609	539
PAS36118_pass_barcode01_4fb720c2_3a09ab0f_12.fastq_pos1785_2380_f0_r4	NR_145176.1	92.612	582	24	15	20	595	1	569	0.0	819	595	609	539
PAS36118_pass_barcode01_4fb720c2_3a09ab0f_12.fastq_pos1785_2380_f0_r4	NR_145178.1	92.599	581	26	14	20	595	1	569	0.0	819	595	609	538
PAS36118_pass_barcode01_4fb720c2_3a09ab0f_12.fastq_pos1785_2380_f0_r4	NR_111817.1	91.820	599	32	16	1	595	1	586	0.0	819	595	586	550
PAS36118_pass_barcode01_4fb720c2_3a09ab0f_12.fastq_pos1785_2380_f0_r4	NR_135384.1	92.970	569	26	13	32	595	1	560	0.0	817	595	600	529
PAS36118_pass_barcode01_4fb720c2_3a09ab0f_12.fastq_pos1785_2380_f0_r4	NR_145177.1	92.453	583	24	16	20	595	1	570	0.0	815	595	610	539
PAS36118_pass_barcode01_4fb720c2_3a09ab0f_12.fastq_pos1785_2380_f0_r4	NR_159627.1	91.556	604	32	16	1	595	81	674	0.0	815	595	714	553
PAS36118_pass_barcode01_4fb720c2_3a09ab0f_12.fastq_pos1785_2380_f0_r4	NR_077149.1	91.528	602	35	14	1	595	1	593	0.0	815	595	617	551
PAS36118_pass_barcode01_4fb720c2_3a09ab0f_12.fastq_pos1785_2380_f0_r4	NR_135345.1	93.085	564	26	13	32	592	1	554	0.0	813	595	597	525
PAS36118_pass_barcode01_4fb720c2_3a09ab0f_12.fastq_pos1785_2380_f0_r4	NR_138308.1	91.653	599	32	16	1	595	1	585	0.0	813	595	585	549
PAS36118_pass_barcode01_4fb720c2_3a09ab0f_12.fastq_pos1785_2380_f0_r4	NR_153220.1	92.401	579	30	11	20	595	1	568	0.0	813	595	608	535
PAS36118_pass_barcode01_4fb720c2_3a09ab0f_12.fastq_pos1785_2380_f0_r4	NR_153223.1	92.440	582	25	15	20	595	1	569	0.0	813	595	609	538
PAS36118_pass_barcode01_4fb720c2_3a09ab0f_12.fastq_pos1785_2380_f0_r4	NR_138339.1	92.388	578	32	12	21	595	1	569	0.0	813	595	609	534
PAS36118_pass_barcode01_4fb720c2_3a09ab0f_12.fastq_pos1785_2380_f0_r4	NR_077145.1	91.653	599	32	16	1	595	1	585	0.0	813	595	585	549
PAS36118_pass_barcode01_4fb720c2_3a09ab0f_12.fastq_pos1785_2380_f0_r4	NR_111814.1	91.653	599	32	16	1	595	1	585	0.0	813	595	585	549
PAS36118_pass_barcode01_4fb720c2_3a09ab0f_12.fastq_pos1785_2380_f0_r4	NR_111816.1	91.639	598	34	14	1	595	1	585	0.0	813	595	585	548
PAS36118_pass_barcode01_4fb720c2_3a09ab0f_12.fastq_pos1785_2380_f0_r4	NR_172046.1	92.150	586	31	15	21	595	1	582	0.0	813	595	622	540
PAS36118_pass_barcode01_4fb720c2_3a09ab0f_12.fastq_pos1785_2380_f0_r4	NR_121317.1	91.653	599	31	17	1	595	71	654	0.0	811	595	694	549
PAS36118_pass_barcode01_4fb720c2_3a09ab0f_12.fastq_pos1785_2380_f0_r4	NR_163675.1	91.639	598	33	16	1	595	88	671	0.0	811	595	711	548
PAS36118_pass_barcode01_4fb720c2_3a09ab0f_12.fastq_pos1785_2380_f0_r4	NR_163678.1	91.625	597	35	13	1	595	69	652	0.0	811	595	692	547
PAS36118_pass_barcode01_4fb720c2_3a09ab0f_12.fastq_pos1785_2380_f0_r4	NR_171585.1	91.625	597	35	14	1	595	1	584	0.0	811	595	584	547
PAS36118_pass_barcode01_4fb720c2_3a09ab0f_12.fastq_pos1785_2380_f0_r4	NR_186906.1	91.639	598	33	16	1	595	71	654	0.0	811	595	694	548
PAS36118_pass_barcode01_4fb720c2_3a09ab0f_12.fastq_pos1785_2380_f0_r4	NR_103605.1	91.362	602	36	14	1	592	1	596	0.0	809	595	596	550
PAS36118_pass_barcode01_4fb720c2_3a09ab0f_12.fastq_pos1785_2380_f0_r4	NR_119501.1	92.657	572	27	13	14	581	1	561	0.0	809	595	561	530
PAS36118_pass_barcode01_4fb720c2_3a09ab0f_12.fastq_pos1785_2380_f0_r4	NR_198111.1	91.625	597	32	16	1	595	92	672	0.0	809	595	712	547
PAS36118_pass_barcode01_4fb720c2_3a09ab0f_12.fastq_pos1785_2380_f0_r4	NR_138338.1	92.215	578	34	11	21	595	1	570	0.0	808	595	610	533
PAS36118_pass_barcode01_4fb720c2_3a09ab0f_12.fastq_pos1785_2380_f0_r4	NR_153222.1	92.268	582	26	15	20	595	1	569	0.0	808	595	609	537
PAS36118_pass_barcode01_4fb720c2_3a09ab0f_12.fastq_pos1785_2380_f0_r4	NR_158823.1	91.486	599	33	15	1	595	2	586	0.0	808	595	586	548
PAS36118_pass_barcode01_4fb720c2_3a09ab0f_12.fastq_pos1785_2380_f0_r4	NR_077153.1	91.500	600	32	17	1	595	1	586	0.0	808	595	610	549
