PAS36118_pass_barcode01_4fb720c2_3a09ab0f_13.fastq_pos1148_1678_f4_r2	NR_121481.1	86.957	483	19	22	84	524	181	661	1.55e-142	503	530	707	420
PAS36118_pass_barcode01_4fb720c2_3a09ab0f_13.fastq_pos1148_1678_f4_r2	NR_137479.1	86.279	481	22	24	84	524	92	568	2.02e-136	483	530	614	415
PAS36118_pass_barcode01_4fb720c2_3a09ab0f_13.fastq_pos1148_1678_f4_r2	NR_135407.1	86.071	481	23	26	84	524	92	568	9.42e-135	477	530	614	414
PAS36118_pass_barcode01_4fb720c2_3a09ab0f_13.fastq_pos1148_1678_f4_r2	NR_171617.1	86.071	481	22	26	84	524	207	682	3.39e-134	475	530	728	414
PAS36118_pass_barcode01_4fb720c2_3a09ab0f_13.fastq_pos1148_1678_f4_r2	NR_138362.1	85.921	483	22	25	84	524	167	645	1.22e-133	473	530	691	415
PAS36118_pass_barcode01_4fb720c2_3a09ab0f_13.fastq_pos1148_1678_f4_r2	NR_137489.1	85.892	482	22	27	84	524	92	568	4.38e-133	472	530	614	414
PAS36118_pass_barcode01_4fb720c2_3a09ab0f_13.fastq_pos1148_1678_f4_r2	NR_137443.1	85.867	467	22	27	84	511	92	553	1.23e-128	457	530	553	401
PAS36118_pass_barcode01_4fb720c2_3a09ab0f_13.fastq_pos1148_1678_f4_r2	NR_135404.1	85.246	488	23	29	84	524	92	577	1.23e-128	457	530	623	416
PAS36118_pass_barcode01_4fb720c2_3a09ab0f_13.fastq_pos1148_1678_f4_r2	NR_135436.1	85.246	488	23	29	84	524	53	538	1.23e-128	457	530	584	416
PAS36118_pass_barcode01_4fb720c2_3a09ab0f_13.fastq_pos1148_1678_f4_r2	NR_151782.1	85.246	488	23	29	84	524	59	544	1.23e-128	457	530	590	416
PAS36118_pass_barcode01_4fb720c2_3a09ab0f_13.fastq_pos1148_1678_f4_r2	NR_137482.1	85.216	487	23	29	84	524	92	575	4.41e-128	455	530	621	415
PAS36118_pass_barcode01_4fb720c2_3a09ab0f_13.fastq_pos1148_1678_f4_r2	NR_135405.1	85.155	485	24	26	84	524	92	572	1.59e-127	453	530	618	413
PAS36118_pass_barcode01_4fb720c2_3a09ab0f_13.fastq_pos1148_1678_f4_r2	NR_135409.1	85.185	486	23	26	84	524	92	573	1.59e-127	453	530	619	414
PAS36118_pass_barcode01_4fb720c2_3a09ab0f_13.fastq_pos1148_1678_f4_r2	NR_137517.1	85.155	485	24	26	84	524	92	572	1.59e-127	453	530	618	413
PAS36118_pass_barcode01_4fb720c2_3a09ab0f_13.fastq_pos1148_1678_f4_r2	NR_137515.1	85.041	488	24	29	84	524	51	536	5.71e-127	451	530	582	415
PAS36118_pass_barcode01_4fb720c2_3a09ab0f_13.fastq_pos1148_1678_f4_r2	NR_137516.1	85.041	488	24	30	84	524	51	536	5.71e-127	451	530	582	415
PAS36118_pass_barcode01_4fb720c2_3a09ab0f_13.fastq_pos1148_1678_f4_r2	NR_172047.1	85.010	487	25	28	84	524	209	693	5.71e-127	451	530	739	414
PAS36118_pass_barcode01_4fb720c2_3a09ab0f_13.fastq_pos1148_1678_f4_r2	NR_138341.1	84.948	485	25	27	84	524	223	703	7.38e-126	448	530	749	412
PAS36118_pass_barcode01_4fb720c2_3a09ab0f_13.fastq_pos1148_1678_f4_r2	NR_137514.1	84.898	490	23	30	84	524	51	538	7.38e-126	448	530	584	416
PAS36118_pass_barcode01_4fb720c2_3a09ab0f_13.fastq_pos1148_1678_f4_r2	NR_171609.1	84.917	484	28	29	84	524	214	695	7.38e-126	448	530	741	411
PAS36118_pass_barcode01_4fb720c2_3a09ab0f_13.fastq_pos1148_1678_f4_r2	NR_137483.1	84.836	488	25	26	84	524	94	579	2.66e-125	446	530	625	414
PAS36118_pass_barcode01_4fb720c2_3a09ab0f_13.fastq_pos1148_1678_f4_r2	NR_137488.1	84.836	488	24	29	84	524	93	577	2.66e-125	446	530	623	414
PAS36118_pass_barcode01_4fb720c2_3a09ab0f_13.fastq_pos1148_1678_f4_r2	NR_121482.1	84.369	499	31	29	69	524	170	664	2.66e-125	446	530	710	421
PAS36118_pass_barcode01_4fb720c2_3a09ab0f_13.fastq_pos1148_1678_f4_r2	NR_135406.1	84.836	488	23	30	84	524	92	575	9.55e-125	444	530	621	414
PAS36118_pass_barcode01_4fb720c2_3a09ab0f_13.fastq_pos1148_1678_f4_r2	NR_135408.1	84.805	487	24	29	84	524	92	574	9.55e-125	444	530	620	413
PAS36118_pass_barcode01_4fb720c2_3a09ab0f_13.fastq_pos1148_1678_f4_r2	NR_135412.1	84.774	486	27	25	84	524	94	577	9.55e-125	444	530	623	412
PAS36118_pass_barcode01_4fb720c2_3a09ab0f_13.fastq_pos1148_1678_f4_r2	NR_137485.1	84.694	490	23	32	84	524	92	578	3.44e-124	442	530	624	415
PAS36118_pass_barcode01_4fb720c2_3a09ab0f_13.fastq_pos1148_1678_f4_r2	NR_137486.1	84.694	490	23	33	84	524	93	579	3.44e-124	442	530	625	415
PAS36118_pass_barcode01_4fb720c2_3a09ab0f_13.fastq_pos1148_1678_f4_r2	NR_171616.1	84.694	490	23	33	84	524	208	694	3.44e-124	442	530	740	415
PAS36118_pass_barcode01_4fb720c2_3a09ab0f_13.fastq_pos1148_1678_f4_r2	NR_137518.1	84.274	496	31	30	72	524	56	547	1.24e-123	440	530	553	418
PAS36118_pass_barcode01_4fb720c2_3a09ab0f_13.fastq_pos1148_1678_f4_r2	NR_135437.1	84.631	488	26	26	84	524	88	573	1.24e-123	440	530	619	413
PAS36118_pass_barcode01_4fb720c2_3a09ab0f_13.fastq_pos1148_1678_f4_r2	NR_135438.1	84.631	488	26	27	84	524	59	544	1.24e-123	440	530	590	413
PAS36118_pass_barcode01_4fb720c2_3a09ab0f_13.fastq_pos1148_1678_f4_r2	NR_137480.1	84.631	488	24	28	84	524	92	575	4.44e-123	438	530	621	413
PAS36118_pass_barcode01_4fb720c2_3a09ab0f_13.fastq_pos1148_1678_f4_r2	NR_137487.1	84.600	487	26	27	84	524	93	576	4.44e-123	438	530	622	412
PAS36118_pass_barcode01_4fb720c2_3a09ab0f_13.fastq_pos1148_1678_f4_r2	NR_171612.1	84.600	487	26	28	84	524	214	697	4.44e-123	438	530	743	412
PAS36118_pass_barcode01_4fb720c2_3a09ab0f_13.fastq_pos1148_1678_f4_r2	NR_137490.1	84.490	490	24	32	84	524	92	578	1.60e-122	436	530	624	414
PAS36118_pass_barcode01_4fb720c2_3a09ab0f_13.fastq_pos1148_1678_f4_r2	NR_172044.1	84.600	487	23	33	84	521	127	610	1.60e-122	436	530	620	412
PAS36118_pass_barcode01_4fb720c2_3a09ab0f_13.fastq_pos1148_1678_f4_r2	NR_172048.1	84.521	491	23	32	84	524	181	668	1.60e-122	436	530	714	415
PAS36118_pass_barcode01_4fb720c2_3a09ab0f_13.fastq_pos1148_1678_f4_r2	NR_171618.1	84.394	487	28	26	84	524	209	693	5.75e-122	435	530	739	411
PAS36118_pass_barcode01_4fb720c2_3a09ab0f_13.fastq_pos1148_1678_f4_r2	NR_137484.1	84.426	488	27	26	84	524	95	580	5.75e-122	435	530	626	412
PAS36118_pass_barcode01_4fb720c2_3a09ab0f_13.fastq_pos1148_1678_f4_r2	NR_135403.1	83.865	502	31	33	69	524	81	578	2.07e-121	433	530	624	421
PAS36118_pass_barcode01_4fb720c2_3a09ab0f_13.fastq_pos1148_1678_f4_r2	NR_135410.1	83.865	502	31	34	69	524	81	578	2.07e-121	433	530	624	421
PAS36118_pass_barcode01_4fb720c2_3a09ab0f_13.fastq_pos1148_1678_f4_r2	NR_135411.1	83.865	502	31	33	69	524	81	578	2.07e-121	433	530	624	421
PAS36118_pass_barcode01_4fb720c2_3a09ab0f_13.fastq_pos1148_1678_f4_r2	NR_137481.1	84.362	486	29	26	84	524	92	575	2.07e-121	433	530	621	410
PAS36118_pass_barcode01_4fb720c2_3a09ab0f_13.fastq_pos1148_1678_f4_r2	NR_191334.1	84.746	472	24	29	84	511	181	648	2.67e-120	429	530	648	400
PAS36118_pass_barcode01_4fb720c2_3a09ab0f_13.fastq_pos1148_1678_f4_r2	NR_151816.1	84.713	471	25	26	84	511	113	579	9.62e-120	427	530	579	399
PAS36118_pass_barcode01_4fb720c2_3a09ab0f_13.fastq_pos1148_1678_f4_r2	NR_169980.1	84.189	487	28	29	84	524	210	693	9.62e-120	427	530	739	410
PAS36118_pass_barcode01_4fb720c2_3a09ab0f_13.fastq_pos1148_1678_f4_r2	NR_151815.1	84.454	476	23	31	84	511	113	585	4.48e-118	422	530	585	402
PAS36118_pass_barcode01_4fb720c2_3a09ab0f_13.fastq_pos1148_1678_f4_r2	NR_172366.1	84.421	475	24	30	84	511	92	563	4.48e-118	422	530	563	401
PAS36118_pass_barcode01_4fb720c2_3a09ab0f_13.fastq_pos1148_1678_f4_r2	NR_190236.1	83.811	488	28	30	84	522	67	552	2.08e-116	416	530	552	409
PAS36118_pass_barcode01_4fb720c2_3a09ab0f_13.fastq_pos1148_1678_f4_r2	NR_135382.1	83.610	482	33	30	84	524	77	553	9.69e-115	411	530	599	403
PAS36118_pass_barcode01_4fb720c2_3a09ab0f_13.fastq_pos1148_1678_f4_r2	NR_135383.1	83.610	482	33	30	84	524	77	553	9.69e-115	411	530	599	403
PAS36118_pass_barcode01_4fb720c2_3a09ab0f_13.fastq_pos1148_1678_f4_r2	NR_151792.1	83.610	482	33	30	84	524	194	670	9.69e-115	411	530	716	403
PAS36118_pass_barcode01_4fb720c2_3a09ab0f_13.fastq_pos1148_1678_f4_r2	NR_135384.1	83.437	483	33	31	84	524	77	554	4.51e-113	405	530	600	403
PAS36118_pass_barcode01_4fb720c2_3a09ab0f_13.fastq_pos1148_1678_f4_r2	NR_145177.1	83.125	480	37	24	84	524	90	564	7.54e-111	398	530	610	399
PAS36118_pass_barcode01_4fb720c2_3a09ab0f_13.fastq_pos1148_1678_f4_r2	NR_136948.1	86.000	400	20	20	84	450	81	477	2.71e-110	396	530	505	344
PAS36118_pass_barcode01_4fb720c2_3a09ab0f_13.fastq_pos1148_1678_f4_r2	NR_153222.1	83.125	480	36	26	84	524	90	563	2.71e-110	396	530	609	399
PAS36118_pass_barcode01_4fb720c2_3a09ab0f_13.fastq_pos1148_1678_f4_r2	NR_153223.1	83.125	480	36	25	84	524	90	563	2.71e-110	396	530	609	399
PAS36118_pass_barcode01_4fb720c2_3a09ab0f_13.fastq_pos1148_1678_f4_r2	NR_153225.1	83.125	480	36	25	84	524	90	563	2.71e-110	396	530	609	399
PAS36118_pass_barcode01_4fb720c2_3a09ab0f_13.fastq_pos1148_1678_f4_r2	NR_153244.1	83.125	480	36	25	84	524	90	563	2.71e-110	396	530	609	399
PAS36118_pass_barcode01_4fb720c2_3a09ab0f_13.fastq_pos1148_1678_f4_r2	NR_145176.1	83.125	480	36	25	84	524	90	563	2.71e-110	396	530	609	399
PAS36118_pass_barcode01_4fb720c2_3a09ab0f_13.fastq_pos1148_1678_f4_r2	NR_145175.1	83.125	480	36	25	84	524	90	563	2.71e-110	396	530	609	399
PAS36118_pass_barcode01_4fb720c2_3a09ab0f_13.fastq_pos1148_1678_f4_r2	NR_159605.1	82.988	482	39	28	84	524	227	706	2.71e-110	396	530	752	400
PAS36118_pass_barcode01_4fb720c2_3a09ab0f_13.fastq_pos1148_1678_f4_r2	NR_137738.1	82.947	475	39	30	84	524	80	546	1.26e-108	390	530	592	394
PAS36118_pass_barcode01_4fb720c2_3a09ab0f_13.fastq_pos1148_1678_f4_r2	NR_153220.1	82.845	478	40	23	84	524	90	562	1.26e-108	390	530	608	396
PAS36118_pass_barcode01_4fb720c2_3a09ab0f_13.fastq_pos1148_1678_f4_r2	NR_145178.1	82.917	480	37	25	84	524	90	563	1.26e-108	390	530	609	398
PAS36118_pass_barcode01_4fb720c2_3a09ab0f_13.fastq_pos1148_1678_f4_r2	NR_131295.1	83.778	450	32	23	114	524	115	562	4.54e-108	388	530	608	377
PAS36118_pass_barcode01_4fb720c2_3a09ab0f_13.fastq_pos1148_1678_f4_r2	NR_135345.1	82.510	486	40	30	84	530	78	557	5.87e-107	385	530	597	401
PAS36118_pass_barcode01_4fb720c2_3a09ab0f_13.fastq_pos1148_1678_f4_r2	NR_121230.1	82.672	479	40	24	84	524	89	562	5.87e-107	385	530	608	396
PAS36118_pass_barcode01_4fb720c2_3a09ab0f_13.fastq_pos1148_1678_f4_r2	NR_158790.1	82.664	473	42	27	84	524	76	540	2.11e-106	383	530	586	391
PAS36118_pass_barcode01_4fb720c2_3a09ab0f_13.fastq_pos1148_1678_f4_r2	NR_158821.1	82.636	478	39	26	84	524	107	577	2.11e-106	383	530	583	395
PAS36118_pass_barcode01_4fb720c2_3a09ab0f_13.fastq_pos1148_1678_f4_r2	NR_191247.1	82.974	464	39	26	84	516	54	508	2.11e-106	383	530	509	385
PAS36118_pass_barcode01_4fb720c2_3a09ab0f_13.fastq_pos1148_1678_f4_r2	NR_138263.1	82.573	482	36	28	84	524	89	563	7.60e-106	381	530	609	398
PAS36118_pass_barcode01_4fb720c2_3a09ab0f_13.fastq_pos1148_1678_f4_r2	NR_151822.1	82.500	480	40	28	84	524	96	570	7.60e-106	381	530	616	396
PAS36118_pass_barcode01_4fb720c2_3a09ab0f_13.fastq_pos1148_1678_f4_r2	NR_121202.1	82.500	480	40	25	84	524	91	565	7.60e-106	381	530	611	396
PAS36118_pass_barcode01_4fb720c2_3a09ab0f_13.fastq_pos1148_1678_f4_r2	NR_121278.1	82.500	480	40	25	84	524	89	563	7.60e-106	381	530	609	396
PAS36118_pass_barcode01_4fb720c2_3a09ab0f_13.fastq_pos1148_1678_f4_r2	NR_137914.1	82.563	476	40	29	84	522	88	557	2.73e-105	379	530	557	393
PAS36118_pass_barcode01_4fb720c2_3a09ab0f_13.fastq_pos1148_1678_f4_r2	NR_137900.1	82.526	475	41	30	84	522	88	556	2.73e-105	379	530	556	392
PAS36118_pass_barcode01_4fb720c2_3a09ab0f_13.fastq_pos1148_1678_f4_r2	NR_138339.1	82.365	482	38	28	84	524	88	563	3.53e-104	375	530	609	397
PAS36118_pass_barcode01_4fb720c2_3a09ab0f_13.fastq_pos1148_1678_f4_r2	NR_158820.1	82.328	481	39	27	84	524	107	581	3.53e-104	375	530	587	396
PAS36118_pass_barcode01_4fb720c2_3a09ab0f_13.fastq_pos1148_1678_f4_r2	NR_135429.2	82.158	482	42	29	84	524	68	546	1.27e-103	374	530	592	396
PAS36118_pass_barcode01_4fb720c2_3a09ab0f_13.fastq_pos1148_1678_f4_r2	NR_131310.1	84.938	405	21	22	84	450	84	486	1.27e-103	374	530	515	344
PAS36118_pass_barcode01_4fb720c2_3a09ab0f_13.fastq_pos1148_1678_f4_r2	NR_156585.1	82.255	479	41	28	84	524	89	561	1.27e-103	374	530	607	394
PAS36118_pass_barcode01_4fb720c2_3a09ab0f_13.fastq_pos1148_1678_f4_r2	NR_077149.1	82.158	482	42	29	84	524	109	587	1.27e-103	374	530	617	396
PAS36118_pass_barcode01_4fb720c2_3a09ab0f_13.fastq_pos1148_1678_f4_r2	NR_185521.1	82.365	482	36	27	84	524	58	531	1.27e-103	374	530	537	397
PAS36118_pass_barcode01_4fb720c2_3a09ab0f_13.fastq_pos1148_1678_f4_r2	NR_137442.1	84.901	404	22	20	84	450	81	482	4.57e-103	372	530	510	343
PAS36118_pass_barcode01_4fb720c2_3a09ab0f_13.fastq_pos1148_1678_f4_r2	NR_154738.1	84.901	404	22	21	84	450	50	451	4.57e-103	372	530	474	343
PAS36118_pass_barcode01_4fb720c2_3a09ab0f_13.fastq_pos1148_1678_f4_r2	NR_156498.1	82.121	481	40	28	84	524	89	563	1.64e-102	370	530	609	395
PAS36118_pass_barcode01_4fb720c2_3a09ab0f_13.fastq_pos1148_1678_f4_r2	NR_158825.1	82.121	481	40	27	84	524	107	581	1.64e-102	370	530	587	395
PAS36118_pass_barcode01_4fb720c2_3a09ab0f_13.fastq_pos1148_1678_f4_r2	NR_135462.1	81.950	482	43	29	84	524	90	568	5.91e-102	368	530	574	395
PAS36118_pass_barcode01_4fb720c2_3a09ab0f_13.fastq_pos1148_1678_f4_r2	NR_138306.1	82.083	480	40	28	84	524	210	682	5.91e-102	368	530	728	394
PAS36118_pass_barcode01_4fb720c2_3a09ab0f_13.fastq_pos1148_1678_f4_r2	NR_169981.1	82.083	480	40	27	84	524	221	693	5.91e-102	368	530	739	394
PAS36118_pass_barcode01_4fb720c2_3a09ab0f_13.fastq_pos1148_1678_f4_r2	NR_138338.1	82.819	454	35	24	109	524	116	564	2.13e-101	366	530	610	376
PAS36118_pass_barcode01_4fb720c2_3a09ab0f_13.fastq_pos1148_1678_f4_r2	NR_198464.1	82.105	475	39	29	84	519	94	561	7.65e-101	364	530	561	390
PAS36118_pass_barcode01_4fb720c2_3a09ab0f_13.fastq_pos1148_1678_f4_r2	NR_121231.1	81.950	482	38	30	84	524	89	562	2.75e-100	363	530	608	395
PAS36118_pass_barcode01_4fb720c2_3a09ab0f_13.fastq_pos1148_1678_f4_r2	NR_160206.1	84.483	406	22	22	84	450	64	467	2.75e-100	363	530	505	343
PAS36118_pass_barcode01_4fb720c2_3a09ab0f_13.fastq_pos1148_1678_f4_r2	NR_160194.1	84.483	406	22	22	84	450	88	491	2.75e-100	363	530	527	343
PAS36118_pass_barcode01_4fb720c2_3a09ab0f_13.fastq_pos1148_1678_f4_r2	NR_146250.1	81.743	482	42	28	84	524	104	580	9.90e-100	361	530	587	394
PAS36118_pass_barcode01_4fb720c2_3a09ab0f_13.fastq_pos1148_1678_f4_r2	NR_111496.1	82.265	468	36	27	84	511	88	548	9.90e-100	361	530	548	385
PAS36118_pass_barcode01_4fb720c2_3a09ab0f_13.fastq_pos1148_1678_f4_r2	NR_121233.1	81.705	481	42	29	84	524	89	563	3.56e-99	359	530	609	393
