PAS36118_pass_barcode01_4fb720c2_3a09ab0f_27.fastq_pos1759_2921_f0_r4	NR_121481.1	90.381	603	24	24	1	575	71	667	0.0	761	1162	707	545
PAS36118_pass_barcode01_4fb720c2_3a09ab0f_27.fastq_pos1759_2921_f0_r4	NR_121481.1	89.593	615	18	33	576	1162	71	667	0.0	739	1162	707	551
PAS36118_pass_barcode01_4fb720c2_3a09ab0f_27.fastq_pos1759_2921_f0_r4	NR_138362.1	90.183	601	27	23	1	575	57	651	0.0	754	1162	691	542
PAS36118_pass_barcode01_4fb720c2_3a09ab0f_27.fastq_pos1759_2921_f0_r4	NR_138362.1	89.396	613	21	33	576	1162	57	651	0.0	732	1162	691	548
PAS36118_pass_barcode01_4fb720c2_3a09ab0f_27.fastq_pos1759_2921_f0_r4	NR_171617.1	89.833	600	28	24	1	575	97	688	0.0	739	1162	728	539
PAS36118_pass_barcode01_4fb720c2_3a09ab0f_27.fastq_pos1759_2921_f0_r4	NR_171617.1	88.744	613	22	35	576	1162	97	688	0.0	706	1162	728	544
PAS36118_pass_barcode01_4fb720c2_3a09ab0f_27.fastq_pos1759_2921_f0_r4	NR_138341.1	89.221	603	31	24	1	575	113	709	0.0	723	1162	749	538
PAS36118_pass_barcode01_4fb720c2_3a09ab0f_27.fastq_pos1759_2921_f0_r4	NR_138341.1	88.274	614	28	33	576	1162	113	709	0.0	695	1162	749	542
PAS36118_pass_barcode01_4fb720c2_3a09ab0f_27.fastq_pos1759_2921_f0_r4	NR_137479.1	89.845	581	27	23	20	575	1	574	0.0	717	1162	614	522
PAS36118_pass_barcode01_4fb720c2_3a09ab0f_27.fastq_pos1759_2921_f0_r4	NR_137479.1	89.983	579	19	29	610	1162	9	574	0.0	712	1162	614	521
PAS36118_pass_barcode01_4fb720c2_3a09ab0f_27.fastq_pos1759_2921_f0_r4	NR_172047.1	88.670	609	29	30	1	575	97	699	0.0	706	1162	739	540
PAS36118_pass_barcode01_4fb720c2_3a09ab0f_27.fastq_pos1759_2921_f0_r4	NR_172047.1	87.581	620	27	36	576	1162	97	699	0.0	673	1162	739	543
PAS36118_pass_barcode01_4fb720c2_3a09ab0f_27.fastq_pos1759_2921_f0_r4	NR_135407.1	89.637	579	21	31	610	1162	9	574	0.0	701	1162	614	519
PAS36118_pass_barcode01_4fb720c2_3a09ab0f_27.fastq_pos1759_2921_f0_r4	NR_135407.1	89.175	582	29	24	20	575	1	574	0.0	695	1162	614	519
PAS36118_pass_barcode01_4fb720c2_3a09ab0f_27.fastq_pos1759_2921_f0_r4	NR_135405.1	89.483	580	24	28	610	1162	9	578	0.0	699	1162	618	519
PAS36118_pass_barcode01_4fb720c2_3a09ab0f_27.fastq_pos1759_2921_f0_r4	NR_135405.1	89.041	584	30	24	20	575	1	578	0.0	693	1162	618	520
PAS36118_pass_barcode01_4fb720c2_3a09ab0f_27.fastq_pos1759_2921_f0_r4	NR_171612.1	88.468	607	33	28	1	575	102	703	0.0	699	1162	743	537
PAS36118_pass_barcode01_4fb720c2_3a09ab0f_27.fastq_pos1759_2921_f0_r4	NR_171612.1	87.237	619	30	37	576	1162	102	703	0.0	660	1162	743	540
PAS36118_pass_barcode01_4fb720c2_3a09ab0f_27.fastq_pos1759_2921_f0_r4	NR_151816.1	89.116	588	27	30	576	1141	3	575	0.0	697	1162	579	524
PAS36118_pass_barcode01_4fb720c2_3a09ab0f_27.fastq_pos1759_2921_f0_r4	NR_151816.1	88.851	583	31	24	1	555	3	579	0.0	686	1162	579	518
PAS36118_pass_barcode01_4fb720c2_3a09ab0f_27.fastq_pos1759_2921_f0_r4	NR_135409.1	89.329	581	24	28	610	1162	9	579	0.0	695	1162	619	519
PAS36118_pass_barcode01_4fb720c2_3a09ab0f_27.fastq_pos1759_2921_f0_r4	NR_135409.1	89.060	585	29	24	20	575	1	579	0.0	693	1162	619	521
PAS36118_pass_barcode01_4fb720c2_3a09ab0f_27.fastq_pos1759_2921_f0_r4	NR_137489.1	89.157	581	31	23	20	575	1	574	0.0	695	1162	614	518
PAS36118_pass_barcode01_4fb720c2_3a09ab0f_27.fastq_pos1759_2921_f0_r4	NR_137489.1	89.465	579	22	30	610	1162	9	574	0.0	695	1162	614	518
PAS36118_pass_barcode01_4fb720c2_3a09ab0f_27.fastq_pos1759_2921_f0_r4	NR_171616.1	88.361	610	30	31	1	575	97	700	0.0	695	1162	740	539
PAS36118_pass_barcode01_4fb720c2_3a09ab0f_27.fastq_pos1759_2921_f0_r4	NR_171616.1	87.440	621	27	38	576	1162	97	700	0.0	667	1162	740	543
PAS36118_pass_barcode01_4fb720c2_3a09ab0f_27.fastq_pos1759_2921_f0_r4	NR_137517.1	89.310	580	25	28	610	1162	9	578	0.0	693	1162	618	518
PAS36118_pass_barcode01_4fb720c2_3a09ab0f_27.fastq_pos1759_2921_f0_r4	NR_137517.1	88.870	584	31	24	20	575	1	578	0.0	688	1162	618	519
PAS36118_pass_barcode01_4fb720c2_3a09ab0f_27.fastq_pos1759_2921_f0_r4	NR_172048.1	88.197	610	31	31	1	575	71	674	0.0	689	1162	714	538
PAS36118_pass_barcode01_4fb720c2_3a09ab0f_27.fastq_pos1759_2921_f0_r4	NR_172048.1	87.279	621	28	36	576	1162	71	674	0.0	662	1162	714	542
PAS36118_pass_barcode01_4fb720c2_3a09ab0f_27.fastq_pos1759_2921_f0_r4	NR_137443.1	90.054	553	22	28	610	1141	9	549	0.0	686	1162	553	498
PAS36118_pass_barcode01_4fb720c2_3a09ab0f_27.fastq_pos1759_2921_f0_r4	NR_137443.1	88.770	561	30	24	20	555	1	553	0.0	656	1162	553	498
PAS36118_pass_barcode01_4fb720c2_3a09ab0f_27.fastq_pos1759_2921_f0_r4	NR_169980.1	87.993	608	35	30	1	575	97	699	0.0	684	1162	739	535
PAS36118_pass_barcode01_4fb720c2_3a09ab0f_27.fastq_pos1759_2921_f0_r4	NR_169980.1	86.914	619	33	38	576	1162	97	699	0.0	651	1162	739	538
PAS36118_pass_barcode01_4fb720c2_3a09ab0f_27.fastq_pos1759_2921_f0_r4	NR_172044.1	88.033	610	32	31	1	575	16	619	0.0	684	1162	620	537
PAS36118_pass_barcode01_4fb720c2_3a09ab0f_27.fastq_pos1759_2921_f0_r4	NR_172044.1	87.899	595	28	35	576	1141	16	595	0.0	660	1162	620	523
PAS36118_pass_barcode01_4fb720c2_3a09ab0f_27.fastq_pos1759_2921_f0_r4	NR_191334.1	88.625	589	29	32	576	1141	71	644	0.0	682	1162	648	522
PAS36118_pass_barcode01_4fb720c2_3a09ab0f_27.fastq_pos1759_2921_f0_r4	NR_191334.1	88.527	584	32	27	1	555	71	648	0.0	675	1162	648	517
PAS36118_pass_barcode01_4fb720c2_3a09ab0f_27.fastq_pos1759_2921_f0_r4	NR_137482.1	88.851	583	25	29	610	1162	9	581	0.0	680	1162	621	518
PAS36118_pass_barcode01_4fb720c2_3a09ab0f_27.fastq_pos1759_2921_f0_r4	NR_137482.1	88.586	587	30	27	20	575	1	581	0.0	678	1162	621	520
PAS36118_pass_barcode01_4fb720c2_3a09ab0f_27.fastq_pos1759_2921_f0_r4	NR_135408.1	88.567	586	31	27	20	575	1	580	0.0	678	1162	620	519
PAS36118_pass_barcode01_4fb720c2_3a09ab0f_27.fastq_pos1759_2921_f0_r4	NR_135408.1	88.832	582	26	29	610	1162	9	580	0.0	678	1162	620	517
PAS36118_pass_barcode01_4fb720c2_3a09ab0f_27.fastq_pos1759_2921_f0_r4	NR_171618.1	87.849	609	34	28	1	575	97	699	0.0	678	1162	739	535
PAS36118_pass_barcode01_4fb720c2_3a09ab0f_27.fastq_pos1759_2921_f0_r4	NR_171618.1	86.613	620	33	37	576	1162	97	699	0.0	640	1162	739	537
PAS36118_pass_barcode01_4fb720c2_3a09ab0f_27.fastq_pos1759_2921_f0_r4	NR_135406.1	88.679	583	26	29	610	1162	9	581	0.0	675	1162	621	517
PAS36118_pass_barcode01_4fb720c2_3a09ab0f_27.fastq_pos1759_2921_f0_r4	NR_135406.1	88.416	587	31	28	20	575	1	581	0.0	673	1162	621	519
PAS36118_pass_barcode01_4fb720c2_3a09ab0f_27.fastq_pos1759_2921_f0_r4	NR_137488.1	88.527	584	27	29	610	1162	9	583	0.0	671	1162	623	517
PAS36118_pass_barcode01_4fb720c2_3a09ab0f_27.fastq_pos1759_2921_f0_r4	NR_137488.1	88.115	589	31	29	20	575	1	583	0.0	664	1162	623	519
PAS36118_pass_barcode01_4fb720c2_3a09ab0f_27.fastq_pos1759_2921_f0_r4	NR_135404.1	88.547	585	25	30	610	1162	9	583	0.0	671	1162	623	518
PAS36118_pass_barcode01_4fb720c2_3a09ab0f_27.fastq_pos1759_2921_f0_r4	NR_135404.1	88.115	589	31	29	20	575	1	583	0.0	664	1162	623	519
PAS36118_pass_barcode01_4fb720c2_3a09ab0f_27.fastq_pos1759_2921_f0_r4	NR_137481.1	88.508	583	27	30	610	1162	9	581	0.0	669	1162	621	516
PAS36118_pass_barcode01_4fb720c2_3a09ab0f_27.fastq_pos1759_2921_f0_r4	NR_137481.1	88.245	587	32	24	20	575	1	581	0.0	667	1162	621	518
PAS36118_pass_barcode01_4fb720c2_3a09ab0f_27.fastq_pos1759_2921_f0_r4	NR_151815.1	88.215	594	27	33	576	1141	3	581	0.0	669	1162	585	524
PAS36118_pass_barcode01_4fb720c2_3a09ab0f_27.fastq_pos1759_2921_f0_r4	NR_151815.1	88.115	589	30	31	1	555	3	585	0.0	664	1162	585	519
PAS36118_pass_barcode01_4fb720c2_3a09ab0f_27.fastq_pos1759_2921_f0_r4	NR_121482.1	87.624	606	38	28	1	575	71	670	0.0	669	1162	710	531
PAS36118_pass_barcode01_4fb720c2_3a09ab0f_27.fastq_pos1759_2921_f0_r4	NR_121482.1	86.570	618	34	38	576	1162	71	670	0.0	636	1162	710	535
PAS36118_pass_barcode01_4fb720c2_3a09ab0f_27.fastq_pos1759_2921_f0_r4	NR_137480.1	88.245	587	32	28	20	575	1	581	0.0	667	1162	621	518
PAS36118_pass_barcode01_4fb720c2_3a09ab0f_27.fastq_pos1759_2921_f0_r4	NR_137480.1	88.336	583	28	30	610	1162	9	581	0.0	664	1162	621	515
PAS36118_pass_barcode01_4fb720c2_3a09ab0f_27.fastq_pos1759_2921_f0_r4	NR_171609.1	87.459	606	39	28	1	575	102	701	0.0	664	1162	741	530
PAS36118_pass_barcode01_4fb720c2_3a09ab0f_27.fastq_pos1759_2921_f0_r4	NR_171609.1	86.430	619	33	40	576	1162	102	701	1.53e-180	630	1162	741	535
PAS36118_pass_barcode01_4fb720c2_3a09ab0f_27.fastq_pos1759_2921_f0_r4	NR_136948.1	91.417	501	15	25	613	1097	1	489	0.0	662	1162	505	458
PAS36118_pass_barcode01_4fb720c2_3a09ab0f_27.fastq_pos1759_2921_f0_r4	NR_136948.1	90.103	485	22	21	31	497	1	477	2.58e-173	606	1162	505	437
PAS36118_pass_barcode01_4fb720c2_3a09ab0f_27.fastq_pos1759_2921_f0_r4	NR_137486.1	88.245	587	25	33	610	1162	9	585	0.0	662	1162	625	518
PAS36118_pass_barcode01_4fb720c2_3a09ab0f_27.fastq_pos1759_2921_f0_r4	NR_137486.1	87.986	591	30	31	20	575	1	585	0.0	660	1162	625	520
PAS36118_pass_barcode01_4fb720c2_3a09ab0f_27.fastq_pos1759_2921_f0_r4	NR_172366.1	89.088	559	26	27	610	1141	9	559	0.0	662	1162	563	498
PAS36118_pass_barcode01_4fb720c2_3a09ab0f_27.fastq_pos1759_2921_f0_r4	NR_172366.1	87.698	569	31	30	20	555	1	563	1.98e-179	627	1162	563	499
PAS36118_pass_barcode01_4fb720c2_3a09ab0f_27.fastq_pos1759_2921_f0_r4	NR_137485.1	87.966	590	31	31	20	575	1	584	0.0	660	1162	624	519
PAS36118_pass_barcode01_4fb720c2_3a09ab0f_27.fastq_pos1759_2921_f0_r4	NR_137485.1	88.225	586	26	31	610	1162	9	584	0.0	660	1162	624	517
PAS36118_pass_barcode01_4fb720c2_3a09ab0f_27.fastq_pos1759_2921_f0_r4	NR_137442.1	91.235	502	19	22	613	1097	1	494	0.0	660	1162	510	458
PAS36118_pass_barcode01_4fb720c2_3a09ab0f_27.fastq_pos1759_2921_f0_r4	NR_137442.1	89.549	488	24	21	31	497	1	482	2.01e-169	593	1162	510	437
PAS36118_pass_barcode01_4fb720c2_3a09ab0f_27.fastq_pos1759_2921_f0_r4	NR_137490.1	87.797	590	32	31	20	575	1	584	0.0	654	1162	624	518
PAS36118_pass_barcode01_4fb720c2_3a09ab0f_27.fastq_pos1759_2921_f0_r4	NR_137490.1	88.055	586	27	31	610	1162	9	584	0.0	654	1162	624	516
PAS36118_pass_barcode01_4fb720c2_3a09ab0f_27.fastq_pos1759_2921_f0_r4	NR_137483.1	87.905	587	27	32	610	1162	9	585	0.0	651	1162	625	516
PAS36118_pass_barcode01_4fb720c2_3a09ab0f_27.fastq_pos1759_2921_f0_r4	NR_137483.1	87.648	591	32	31	20	575	1	585	0.0	649	1162	625	518
PAS36118_pass_barcode01_4fb720c2_3a09ab0f_27.fastq_pos1759_2921_f0_r4	NR_135437.1	87.734	587	28	32	610	1162	3	579	0.0	645	1162	619	515
PAS36118_pass_barcode01_4fb720c2_3a09ab0f_27.fastq_pos1759_2921_f0_r4	NR_135437.1	87.500	584	34	29	26	575	1	579	0.0	638	1162	619	511
PAS36118_pass_barcode01_4fb720c2_3a09ab0f_27.fastq_pos1759_2921_f0_r4	NR_131310.1	90.476	504	21	25	613	1096	1	497	0.0	640	1162	515	456
PAS36118_pass_barcode01_4fb720c2_3a09ab0f_27.fastq_pos1759_2921_f0_r4	NR_131310.1	88.821	492	24	26	31	497	1	486	7.27e-164	575	1162	515	437
PAS36118_pass_barcode01_4fb720c2_3a09ab0f_27.fastq_pos1759_2921_f0_r4	NR_137484.1	87.310	591	35	30	20	575	1	586	0.0	640	1162	626	516
PAS36118_pass_barcode01_4fb720c2_3a09ab0f_27.fastq_pos1759_2921_f0_r4	NR_137484.1	87.564	587	30	33	610	1162	9	586	0.0	640	1162	626	514
PAS36118_pass_barcode01_4fb720c2_3a09ab0f_27.fastq_pos1759_2921_f0_r4	NR_135412.1	87.521	585	31	32	610	1162	9	583	0.0	638	1162	623	512
PAS36118_pass_barcode01_4fb720c2_3a09ab0f_27.fastq_pos1759_2921_f0_r4	NR_135412.1	87.267	589	36	30	20	575	1	583	0.0	636	1162	623	514
PAS36118_pass_barcode01_4fb720c2_3a09ab0f_27.fastq_pos1759_2921_f0_r4	NR_160194.1	90.316	506	22	23	610	1096	5	502	0.0	638	1162	527	457
PAS36118_pass_barcode01_4fb720c2_3a09ab0f_27.fastq_pos1759_2921_f0_r4	NR_160194.1	88.934	497	26	23	24	497	1	491	3.36e-167	586	1162	527	442
PAS36118_pass_barcode01_4fb720c2_3a09ab0f_27.fastq_pos1759_2921_f0_r4	NR_137515.1	88.727	550	23	30	644	1162	1	542	0.0	636	1162	582	488
PAS36118_pass_barcode01_4fb720c2_3a09ab0f_27.fastq_pos1759_2921_f0_r4	NR_137515.1	88.139	548	27	28	60	575	1	542	1.19e-176	617	1162	582	483
PAS36118_pass_barcode01_4fb720c2_3a09ab0f_27.fastq_pos1759_2921_f0_r4	NR_135410.1	87.119	590	36	30	20	575	1	584	0.0	632	1162	624	514
PAS36118_pass_barcode01_4fb720c2_3a09ab0f_27.fastq_pos1759_2921_f0_r4	NR_135410.1	87.372	586	31	33	610	1162	9	584	0.0	632	1162	624	512
PAS36118_pass_barcode01_4fb720c2_3a09ab0f_27.fastq_pos1759_2921_f0_r4	NR_153220.1	87.478	575	35	29	610	1162	9	568	5.51e-180	628	1162	608	503
PAS36118_pass_barcode01_4fb720c2_3a09ab0f_27.fastq_pos1759_2921_f0_r4	NR_153220.1	86.034	580	45	30	20	575	1	568	2.60e-168	590	1162	608	499
PAS36118_pass_barcode01_4fb720c2_3a09ab0f_27.fastq_pos1759_2921_f0_r4	NR_135403.1	86.949	590	37	30	20	575	1	584	1.98e-179	627	1162	624	513
PAS36118_pass_barcode01_4fb720c2_3a09ab0f_27.fastq_pos1759_2921_f0_r4	NR_135403.1	87.031	586	33	33	610	1162	9	584	9.21e-178	621	1162	624	510
PAS36118_pass_barcode01_4fb720c2_3a09ab0f_27.fastq_pos1759_2921_f0_r4	NR_135411.1	86.949	590	37	30	20	575	1	584	1.98e-179	627	1162	624	513
PAS36118_pass_barcode01_4fb720c2_3a09ab0f_27.fastq_pos1759_2921_f0_r4	NR_135411.1	87.201	586	32	33	610	1162	9	584	1.98e-179	627	1162	624	511
PAS36118_pass_barcode01_4fb720c2_3a09ab0f_27.fastq_pos1759_2921_f0_r4	NR_151792.1	86.401	603	41	31	1	575	87	676	9.21e-178	621	1162	716	521
PAS36118_pass_barcode01_4fb720c2_3a09ab0f_27.fastq_pos1759_2921_f0_r4	NR_151792.1	85.155	613	42	38	576	1162	87	676	4.35e-166	582	1162	716	522
PAS36118_pass_barcode01_4fb720c2_3a09ab0f_27.fastq_pos1759_2921_f0_r4	NR_190236.1	88.398	543	27	29	628	1141	1	536	9.21e-178	621	1162	552	480
PAS36118_pass_barcode01_4fb720c2_3a09ab0f_27.fastq_pos1759_2921_f0_r4	NR_190236.1	86.535	557	37	26	44	567	1	552	5.62e-165	579	1162	552	482
PAS36118_pass_barcode01_4fb720c2_3a09ab0f_27.fastq_pos1759_2921_f0_r4	NR_151782.1	87.814	558	26	32	639	1162	1	550	4.29e-176	616	1162	590	490
PAS36118_pass_barcode01_4fb720c2_3a09ab0f_27.fastq_pos1759_2921_f0_r4	NR_151782.1	87.840	551	27	30	59	575	6	550	1.99e-174	610	1162	590	484
PAS36118_pass_barcode01_4fb720c2_3a09ab0f_27.fastq_pos1759_2921_f0_r4	NR_159605.1	86.070	603	48	27	1	575	118	712	4.29e-176	616	1162	752	519
PAS36118_pass_barcode01_4fb720c2_3a09ab0f_27.fastq_pos1759_2921_f0_r4	NR_159605.1	85.342	614	44	36	576	1162	118	712	2.01e-169	593	1162	752	524
PAS36118_pass_barcode01_4fb720c2_3a09ab0f_27.fastq_pos1759_2921_f0_r4	NR_153225.1	87.002	577	35	32	610	1162	9	569	1.54e-175	614	1162	609	502
PAS36118_pass_barcode01_4fb720c2_3a09ab0f_27.fastq_pos1759_2921_f0_r4	NR_153225.1	86.059	581	44	31	20	575	1	569	2.60e-168	590	1162	609	500
PAS36118_pass_barcode01_4fb720c2_3a09ab0f_27.fastq_pos1759_2921_f0_r4	NR_153244.1	87.002	577	35	32	610	1162	9	569	1.54e-175	614	1162	609	502
PAS36118_pass_barcode01_4fb720c2_3a09ab0f_27.fastq_pos1759_2921_f0_r4	NR_153244.1	86.059	581	44	31	20	575	1	569	2.60e-168	590	1162	609	500
PAS36118_pass_barcode01_4fb720c2_3a09ab0f_27.fastq_pos1759_2921_f0_r4	NR_137516.1	88.000	550	27	28	644	1162	1	542	1.54e-175	614	1162	582	484
PAS36118_pass_barcode01_4fb720c2_3a09ab0f_27.fastq_pos1759_2921_f0_r4	NR_137516.1	87.774	548	29	28	60	575	1	542	2.58e-173	606	1162	582	481
PAS36118_pass_barcode01_4fb720c2_3a09ab0f_27.fastq_pos1759_2921_f0_r4	NR_145178.1	87.002	577	35	33	610	1162	9	569	1.54e-175	614	1162	609	502
PAS36118_pass_barcode01_4fb720c2_3a09ab0f_27.fastq_pos1759_2921_f0_r4	NR_145178.1	86.059	581	44	30	20	575	1	569	2.60e-168	590	1162	609	500
PAS36118_pass_barcode01_4fb720c2_3a09ab0f_27.fastq_pos1759_2921_f0_r4	NR_145177.1	87.024	578	34	32	610	1162	9	570	1.54e-175	614	1162	610	503
PAS36118_pass_barcode01_4fb720c2_3a09ab0f_27.fastq_pos1759_2921_f0_r4	NR_145177.1	85.739	582	45	31	20	575	1	570	1.56e-165	580	1162	610	499
PAS36118_pass_barcode01_4fb720c2_3a09ab0f_27.fastq_pos1759_2921_f0_r4	NR_135436.1	87.862	552	26	31	644	1162	1	544	1.99e-174	610	1162	584	485
PAS36118_pass_barcode01_4fb720c2_3a09ab0f_27.fastq_pos1759_2921_f0_r4	NR_135436.1	87.818	550	27	30	60	575	1	544	7.17e-174	608	1162	584	483
PAS36118_pass_barcode01_4fb720c2_3a09ab0f_27.fastq_pos1759_2921_f0_r4	NR_137514.1	87.862	552	26	28	644	1162	1	544	1.99e-174	610	1162	584	485
PAS36118_pass_barcode01_4fb720c2_3a09ab0f_27.fastq_pos1759_2921_f0_r4	NR_137514.1	87.636	550	28	29	60	575	1	544	3.34e-172	603	1162	584	482
PAS36118_pass_barcode01_4fb720c2_3a09ab0f_27.fastq_pos1759_2921_f0_r4	NR_153223.1	86.828	577	36	32	610	1162	9	569	7.17e-174	608	1162	609	501
PAS36118_pass_barcode01_4fb720c2_3a09ab0f_27.fastq_pos1759_2921_f0_r4	NR_153223.1	85.886	581	45	31	20	575	1	569	1.21e-166	584	1162	609	499
PAS36118_pass_barcode01_4fb720c2_3a09ab0f_27.fastq_pos1759_2921_f0_r4	NR_154738.1	90.832	469	20	22	646	1097	1	463	2.58e-173	606	1162	474	426
PAS36118_pass_barcode01_4fb720c2_3a09ab0f_27.fastq_pos1759_2921_f0_r4	NR_154738.1	90.045	442	20	19	74	497	16	451	1.23e-156	551	1162	474	398
PAS36118_pass_barcode01_4fb720c2_3a09ab0f_27.fastq_pos1759_2921_f0_r4	NR_119501.1	87.455	550	39	25	610	1141	15	552	2.58e-173	606	1162	561	481
PAS36118_pass_barcode01_4fb720c2_3a09ab0f_27.fastq_pos1759_2921_f0_r4	NR_119501.1	85.217	575	43	34	14	560	1	561	3.41e-157	553	1162	561	490
PAS36118_pass_barcode01_4fb720c2_3a09ab0f_27.fastq_pos1759_2921_f0_r4	NR_160206.1	89.442	502	24	25	639	1117	8	503	2.58e-173	606	1162	505	449
PAS36118_pass_barcode01_4fb720c2_3a09ab0f_27.fastq_pos1759_2921_f0_r4	NR_160206.1	89.154	461	22	22	59	497	13	467	4.41e-156	549	1162	505	411
PAS36118_pass_barcode01_4fb720c2_3a09ab0f_27.fastq_pos1759_2921_f0_r4	NR_135438.1	87.455	558	28	31	639	1162	1	550	9.28e-173	604	1162	590	488
PAS36118_pass_barcode01_4fb720c2_3a09ab0f_27.fastq_pos1759_2921_f0_r4	NR_135438.1	87.455	550	31	28	59	575	6	550	4.32e-171	599	1162	590	481
PAS36118_pass_barcode01_4fb720c2_3a09ab0f_27.fastq_pos1759_2921_f0_r4	NR_153222.1	86.655	577	37	32	610	1162	9	569	3.34e-172	603	1162	609	500
PAS36118_pass_barcode01_4fb720c2_3a09ab0f_27.fastq_pos1759_2921_f0_r4	NR_153222.1	85.886	581	45	30	20	575	1	569	1.21e-166	584	1162	609	499
PAS36118_pass_barcode01_4fb720c2_3a09ab0f_27.fastq_pos1759_2921_f0_r4	NR_145176.1	86.655	577	37	32	610	1162	9	569	3.34e-172	603	1162	609	500
PAS36118_pass_barcode01_4fb720c2_3a09ab0f_27.fastq_pos1759_2921_f0_r4	NR_145176.1	86.059	581	44	30	20	575	1	569	2.60e-168	590	1162	609	500
PAS36118_pass_barcode01_4fb720c2_3a09ab0f_27.fastq_pos1759_2921_f0_r4	NR_137494.1	89.495	495	25	25	623	1096	1	489	1.20e-171	601	1162	489	443
PAS36118_pass_barcode01_4fb720c2_3a09ab0f_27.fastq_pos1759_2921_f0_r4	NR_137494.1	87.785	483	30	24	39	497	1	478	9.54e-153	538	1162	489	424
PAS36118_pass_barcode01_4fb720c2_3a09ab0f_27.fastq_pos1759_2921_f0_r4	NR_153208.1	88.091	529	31	28	610	1120	9	523	4.32e-171	599	1162	527	466
PAS36118_pass_barcode01_4fb720c2_3a09ab0f_27.fastq_pos1759_2921_f0_r4	NR_153208.1	86.869	495	36	25	20	497	1	483	2.07e-149	527	1162	527	430
PAS36118_pass_barcode01_4fb720c2_3a09ab0f_27.fastq_pos1759_2921_f0_r4	NR_158821.1	85.857	601	41	35	1	575	1	583	4.32e-171	599	1162	583	516
PAS36118_pass_barcode01_4fb720c2_3a09ab0f_27.fastq_pos1759_2921_f0_r4	NR_158821.1	85.386	609	41	37	576	1162	1	583	9.34e-168	588	1162	583	520
PAS36118_pass_barcode01_4fb720c2_3a09ab0f_27.fastq_pos1759_2921_f0_r4	NR_153221.1	86.482	577	38	32	610	1162	9	569	1.55e-170	597	1162	609	499
PAS36118_pass_barcode01_4fb720c2_3a09ab0f_27.fastq_pos1759_2921_f0_r4	NR_153221.1	85.542	581	47	31	20	575	1	569	2.62e-163	573	1162	609	497
PAS36118_pass_barcode01_4fb720c2_3a09ab0f_27.fastq_pos1759_2921_f0_r4	NR_145175.1	86.482	577	38	32	610	1162	9	569	1.55e-170	597	1162	609	499
PAS36118_pass_barcode01_4fb720c2_3a09ab0f_27.fastq_pos1759_2921_f0_r4	NR_145175.1	85.714	581	46	30	20	575	1	569	5.62e-165	579	1162	609	498
PAS36118_pass_barcode01_4fb720c2_3a09ab0f_27.fastq_pos1759_2921_f0_r4	NR_145174.1	88.046	527	31	28	610	1118	9	521	5.58e-170	595	1162	521	464
PAS36118_pass_barcode01_4fb720c2_3a09ab0f_27.fastq_pos1759_2921_f0_r4	NR_145174.1	87.071	495	35	25	20	497	1	483	4.44e-151	532	1162	521	431
PAS36118_pass_barcode01_4fb720c2_3a09ab0f_27.fastq_pos1759_2921_f0_r4	NR_176764.1	89.691	485	24	25	632	1096	1	479	5.58e-170	595	1162	497	435
PAS36118_pass_barcode01_4fb720c2_3a09ab0f_27.fastq_pos1759_2921_f0_r4	NR_176764.1	88.720	461	25	22	59	497	13	468	9.54e-153	538	1162	497	409
PAS36118_pass_barcode01_4fb720c2_3a09ab0f_27.fastq_pos1759_2921_f0_r4	NR_198039.1	86.130	584	43	31	576	1141	71	634	5.58e-170	595	1162	655	503
PAS36118_pass_barcode01_4fb720c2_3a09ab0f_27.fastq_pos1759_2921_f0_r4	NR_198039.1	85.235	596	53	28	1	572	71	655	1.56e-165	580	1162	655	508
PAS36118_pass_barcode01_4fb720c2_3a09ab0f_27.fastq_pos1759_2921_f0_r4	NR_144845.1	85.619	598	48	30	1	575	59	641	2.01e-169	593	1162	681	512
PAS36118_pass_barcode01_4fb720c2_3a09ab0f_27.fastq_pos1759_2921_f0_r4	NR_144845.1	85.033	608	45	35	576	1162	59	641	2.02e-164	577	1162	681	517
PAS36118_pass_barcode01_4fb720c2_3a09ab0f_27.fastq_pos1759_2921_f0_r4	NR_145159.1	87.902	529	32	28	610	1120	9	523	2.01e-169	593	1162	527	465
PAS36118_pass_barcode01_4fb720c2_3a09ab0f_27.fastq_pos1759_2921_f0_r4	NR_145159.1	86.869	495	36	25	20	497	1	483	2.07e-149	527	1162	527	430
PAS36118_pass_barcode01_4fb720c2_3a09ab0f_27.fastq_pos1759_2921_f0_r4	NR_121202.1	86.332	578	39	32	610	1162	9	571	2.01e-169	593	1162	611	499
PAS36118_pass_barcode01_4fb720c2_3a09ab0f_27.fastq_pos1759_2921_f0_r4	NR_121202.1	85.420	583	46	31	20	575	1	571	3.38e-162	569	1162	611	498
PAS36118_pass_barcode01_4fb720c2_3a09ab0f_27.fastq_pos1759_2921_f0_r4	NR_135345.1	87.226	548	35	29	614	1141	1	533	7.22e-169	592	1162	597	478
PAS36118_pass_barcode01_4fb720c2_3a09ab0f_27.fastq_pos1759_2921_f0_r4	NR_135345.1	85.538	567	43	33	32	572	1	554	2.64e-158	556	1162	597	485
PAS36118_pass_barcode01_4fb720c2_3a09ab0f_27.fastq_pos1759_2921_f0_r4	NR_137518.1	86.879	564	31	35	631	1162	1	553	7.22e-169	592	1162	553	490
PAS36118_pass_barcode01_4fb720c2_3a09ab0f_27.fastq_pos1759_2921_f0_r4	NR_137518.1	86.404	559	40	28	47	575	1	553	5.62e-165	579	1162	553	483
PAS36118_pass_barcode01_4fb720c2_3a09ab0f_27.fastq_pos1759_2921_f0_r4	NR_138263.1	86.285	576	41	29	610	1162	9	569	7.22e-169	592	1162	609	497
PAS36118_pass_barcode01_4fb720c2_3a09ab0f_27.fastq_pos1759_2921_f0_r4	NR_138263.1	85.274	584	43	33	20	575	1	569	5.66e-160	562	1162	609	498
PAS36118_pass_barcode01_4fb720c2_3a09ab0f_27.fastq_pos1759_2921_f0_r4	NR_158820.1	85.548	602	45	32	1	575	1	587	7.22e-169	592	1162	587	515
PAS36118_pass_barcode01_4fb720c2_3a09ab0f_27.fastq_pos1759_2921_f0_r4	NR_158820.1	85.246	610	44	36	576	1162	1	587	3.36e-167	586	1162	587	520
PAS36118_pass_barcode01_4fb720c2_3a09ab0f_27.fastq_pos1759_2921_f0_r4	NR_158825.1	85.548	602	45	33	1	575	1	587	7.22e-169	592	1162	587	515
PAS36118_pass_barcode01_4fb720c2_3a09ab0f_27.fastq_pos1759_2921_f0_r4	NR_158825.1	85.270	611	42	38	576	1162	1	587	3.36e-167	586	1162	587	521
PAS36118_pass_barcode01_4fb720c2_3a09ab0f_27.fastq_pos1759_2921_f0_r4	NR_121278.1	86.285	576	41	31	610	1162	9	569	7.22e-169	592	1162	609	497
PAS36118_pass_barcode01_4fb720c2_3a09ab0f_27.fastq_pos1759_2921_f0_r4	NR_121278.1	85.420	583	44	32	20	575	1	569	1.22e-161	568	1162	609	498
PAS36118_pass_barcode01_4fb720c2_3a09ab0f_27.fastq_pos1759_2921_f0_r4	NR_153224.1	87.856	527	32	28	610	1118	9	521	2.60e-168	590	1162	521	463
PAS36118_pass_barcode01_4fb720c2_3a09ab0f_27.fastq_pos1759_2921_f0_r4	NR_153224.1	86.667	495	37	25	20	497	1	483	9.61e-148	521	1162	521	429
PAS36118_pass_barcode01_4fb720c2_3a09ab0f_27.fastq_pos1759_2921_f0_r4	NR_138306.1	85.524	601	45	36	1	575	104	688	2.60e-168	590	1162	728	514
PAS36118_pass_barcode01_4fb720c2_3a09ab0f_27.fastq_pos1759_2921_f0_r4	NR_138306.1	85.362	608	45	36	576	1162	104	688	2.60e-168	590	1162	728	519
PAS36118_pass_barcode01_4fb720c2_3a09ab0f_27.fastq_pos1759_2921_f0_r4	NR_169981.1	85.410	610	42	37	576	1162	114	699	2.60e-168	590	1162	739	521
PAS36118_pass_barcode01_4fb720c2_3a09ab0f_27.fastq_pos1759_2921_f0_r4	NR_169981.1	85.406	603	43	36	1	575	114	699	1.21e-166	584	1162	739	515
PAS36118_pass_barcode01_4fb720c2_3a09ab0f_27.fastq_pos1759_2921_f0_r4	NR_138291.1	86.957	552	37	31	610	1141	8	544	9.34e-168	588	1162	548	480
PAS36118_pass_barcode01_4fb720c2_3a09ab0f_27.fastq_pos1759_2921_f0_r4	NR_138291.1	84.875	562	44	31	21	555	1	548	5.74e-150	529	1162	548	477
PAS36118_pass_barcode01_4fb720c2_3a09ab0f_27.fastq_pos1759_2921_f0_r4	NR_111500.1	86.885	549	43	25	610	1141	8	544	9.34e-168	588	1162	548	477
PAS36118_pass_barcode01_4fb720c2_3a09ab0f_27.fastq_pos1759_2921_f0_r4	NR_111500.1	84.902	563	42	34	21	555	1	548	5.74e-150	529	1162	548	478
PAS36118_pass_barcode01_4fb720c2_3a09ab0f_27.fastq_pos1759_2921_f0_r4	NR_111502.1	86.933	551	39	28	610	1141	8	544	9.34e-168	588	1162	548	479
PAS36118_pass_barcode01_4fb720c2_3a09ab0f_27.fastq_pos1759_2921_f0_r4	NR_111502.1	84.698	562	45	32	21	555	1	548	2.67e-148	523	1162	548	476
PAS36118_pass_barcode01_4fb720c2_3a09ab0f_27.fastq_pos1759_2921_f0_r4	NR_111511.1	86.885	549	42	26	610	1141	8	543	9.34e-168	588	1162	547	477
PAS36118_pass_barcode01_4fb720c2_3a09ab0f_27.fastq_pos1759_2921_f0_r4	NR_111511.1	84.848	561	45	33	21	555	1	547	5.74e-150	529	1162	547	476
PAS36118_pass_barcode01_4fb720c2_3a09ab0f_27.fastq_pos1759_2921_f0_r4	NR_172032.1	85.406	603	46	33	1	575	1	589	9.34e-168	588	1162	589	515
PAS36118_pass_barcode01_4fb720c2_3a09ab0f_27.fastq_pos1759_2921_f0_r4	NR_172032.1	85.131	612	43	39	576	1162	1	589	4.35e-166	582	1162	589	521
PAS36118_pass_barcode01_4fb720c2_3a09ab0f_27.fastq_pos1759_2921_f0_r4	NR_171587.1	85.382	602	47	32	1	575	1	588	3.36e-167	586	1162	588	514
PAS36118_pass_barcode01_4fb720c2_3a09ab0f_27.fastq_pos1759_2921_f0_r4	NR_171587.1	84.967	612	43	39	576	1162	1	588	7.27e-164	575	1162	588	520
PAS36118_pass_barcode01_4fb720c2_3a09ab0f_27.fastq_pos1759_2921_f0_r4	NR_156585.1	86.135	577	38	33	610	1162	9	567	1.21e-166	584	1162	607	497
PAS36118_pass_barcode01_4fb720c2_3a09ab0f_27.fastq_pos1759_2921_f0_r4	NR_156585.1	85.567	582	43	31	20	575	1	567	9.41e-163	571	1162	607	498
PAS36118_pass_barcode01_4fb720c2_3a09ab0f_27.fastq_pos1759_2921_f0_r4	NR_121329.1	86.063	574	45	29	610	1162	9	568	1.21e-166	584	1162	608	494
PAS36118_pass_barcode01_4fb720c2_3a09ab0f_27.fastq_pos1759_2921_f0_r4	NR_121329.1	84.418	584	47	37	20	575	1	568	1.23e-151	534	1162	608	493
PAS36118_pass_barcode01_4fb720c2_3a09ab0f_27.fastq_pos1759_2921_f0_r4	NR_146250.1	85.333	600	46	33	4	575	1	586	4.35e-166	582	1162	587	512
PAS36118_pass_barcode01_4fb720c2_3a09ab0f_27.fastq_pos1759_2921_f0_r4	NR_146250.1	85.240	603	43	37	585	1162	5	586	5.62e-165	579	1162	587	514
PAS36118_pass_barcode01_4fb720c2_3a09ab0f_27.fastq_pos1759_2921_f0_r4	NR_137493.1	89.562	479	23	25	639	1096	14	486	4.35e-166	582	1162	486	429
PAS36118_pass_barcode01_4fb720c2_3a09ab0f_27.fastq_pos1759_2921_f0_r4	NR_137493.1	88.528	462	25	23	59	497	19	475	1.23e-151	534	1162	486	409
PAS36118_pass_barcode01_4fb720c2_3a09ab0f_27.fastq_pos1759_2921_f0_r4	NR_077152.1	85.216	602	49	34	1	575	1	589	4.35e-166	582	1162	613	513
PAS36118_pass_barcode01_4fb720c2_3a09ab0f_27.fastq_pos1759_2921_f0_r4	NR_077152.1	84.829	613	43	38	576	1162	1	589	9.41e-163	571	1162	613	520
PAS36118_pass_barcode01_4fb720c2_3a09ab0f_27.fastq_pos1759_2921_f0_r4	NR_121341.1	86.140	570	44	29	614	1162	1	556	4.35e-166	582	1162	596	491
PAS36118_pass_barcode01_4fb720c2_3a09ab0f_27.fastq_pos1759_2921_f0_r4	NR_121341.1	84.266	572	46	38	32	575	1	556	1.24e-146	518	1162	596	482
PAS36118_pass_barcode01_4fb720c2_3a09ab0f_27.fastq_pos1759_2921_f0_r4	NR_138292.1	86.727	550	40	29	610	1141	8	542	1.56e-165	580	1162	546	477
PAS36118_pass_barcode01_4fb720c2_3a09ab0f_27.fastq_pos1759_2921_f0_r4	NR_138292.1	84.698	562	43	34	21	555	1	546	9.61e-148	521	1162	546	476
PAS36118_pass_barcode01_4fb720c2_3a09ab0f_27.fastq_pos1759_2921_f0_r4	NR_138339.1	85.913	575	46	27	610	1162	8	569	1.56e-165	580	1162	609	494
PAS36118_pass_barcode01_4fb720c2_3a09ab0f_27.fastq_pos1759_2921_f0_r4	NR_138339.1	85.249	583	44	32	21	575	1	569	5.66e-160	562	1162	609	497
PAS36118_pass_barcode01_4fb720c2_3a09ab0f_27.fastq_pos1759_2921_f0_r4	NR_156498.1	85.938	576	43	31	610	1162	9	569	1.56e-165	580	1162	609	495
PAS36118_pass_barcode01_4fb720c2_3a09ab0f_27.fastq_pos1759_2921_f0_r4	NR_156498.1	85.077	583	46	32	20	575	1	569	2.64e-158	556	1162	609	496
