PAS36118_pass_barcode18_4fb720c2_3a09ab0f_30.fastq_pos1764_2331_f2_r3	NR_121481.1	88.538	602	23	30	4	567	74	667	0.0	688	567	707	533
PAS36118_pass_barcode18_4fb720c2_3a09ab0f_30.fastq_pos1764_2331_f2_r3	NR_138362.1	88.333	600	26	30	4	567	60	651	0.0	680	567	691	530
PAS36118_pass_barcode18_4fb720c2_3a09ab0f_30.fastq_pos1764_2331_f2_r3	NR_171617.1	87.980	599	27	32	4	567	100	688	0.0	665	567	728	527
PAS36118_pass_barcode18_4fb720c2_3a09ab0f_30.fastq_pos1764_2331_f2_r3	NR_138341.1	87.375	602	30	33	4	567	116	709	0.0	649	567	749	526
PAS36118_pass_barcode18_4fb720c2_3a09ab0f_30.fastq_pos1764_2331_f2_r3	NR_151816.1	88.710	558	24	27	4	527	6	558	0.0	645	567	579	495
PAS36118_pass_barcode18_4fb720c2_3a09ab0f_30.fastq_pos1764_2331_f2_r3	NR_191334.1	88.551	559	24	27	4	527	74	627	0.0	641	567	648	495
PAS36118_pass_barcode18_4fb720c2_3a09ab0f_30.fastq_pos1764_2331_f2_r3	NR_137479.1	87.671	584	26	33	20	567	1	574	0.0	638	567	614	512
PAS36118_pass_barcode18_4fb720c2_3a09ab0f_30.fastq_pos1764_2331_f2_r3	NR_137489.1	87.479	583	29	31	20	567	1	574	0.0	632	567	614	510
PAS36118_pass_barcode18_4fb720c2_3a09ab0f_30.fastq_pos1764_2331_f2_r3	NR_135407.1	88.889	540	21	26	20	527	1	533	2.64e-180	628	567	614	480
PAS36118_pass_barcode18_4fb720c2_3a09ab0f_30.fastq_pos1764_2331_f2_r3	NR_137443.1	88.662	538	25	25	20	527	1	532	1.23e-178	623	567	553	477
PAS36118_pass_barcode18_4fb720c2_3a09ab0f_30.fastq_pos1764_2331_f2_r3	NR_151815.1	87.922	563	25	28	4	527	6	564	1.23e-178	623	567	585	495
PAS36118_pass_barcode18_4fb720c2_3a09ab0f_30.fastq_pos1764_2331_f2_r3	NR_171616.1	86.513	608	31	35	4	567	100	700	4.41e-178	621	567	740	526
PAS36118_pass_barcode18_4fb720c2_3a09ab0f_30.fastq_pos1764_2331_f2_r3	NR_172047.1	86.513	608	30	38	4	567	100	699	4.41e-178	621	567	739	526
PAS36118_pass_barcode18_4fb720c2_3a09ab0f_30.fastq_pos1764_2331_f2_r3	NR_135405.1	87.031	586	30	33	20	567	1	578	1.59e-177	619	567	618	510
PAS36118_pass_barcode18_4fb720c2_3a09ab0f_30.fastq_pos1764_2331_f2_r3	NR_135409.1	87.075	588	27	35	20	567	1	579	1.59e-177	619	567	619	512
PAS36118_pass_barcode18_4fb720c2_3a09ab0f_30.fastq_pos1764_2331_f2_r3	NR_172048.1	86.349	608	32	34	4	567	74	674	2.05e-176	616	567	714	525
PAS36118_pass_barcode18_4fb720c2_3a09ab0f_30.fastq_pos1764_2331_f2_r3	NR_137517.1	86.860	586	31	33	20	567	1	578	7.38e-176	614	567	618	509
PAS36118_pass_barcode18_4fb720c2_3a09ab0f_30.fastq_pos1764_2331_f2_r3	NR_172044.1	87.589	564	26	29	4	527	19	578	7.38e-176	614	567	620	494
PAS36118_pass_barcode18_4fb720c2_3a09ab0f_30.fastq_pos1764_2331_f2_r3	NR_135406.1	86.757	589	29	34	20	567	1	581	9.55e-175	610	567	621	511
PAS36118_pass_barcode18_4fb720c2_3a09ab0f_30.fastq_pos1764_2331_f2_r3	NR_135408.1	86.735	588	30	35	20	567	1	580	9.55e-175	610	567	620	510
PAS36118_pass_barcode18_4fb720c2_3a09ab0f_30.fastq_pos1764_2331_f2_r3	NR_137482.1	86.757	589	29	35	20	567	1	581	9.55e-175	610	567	621	511
PAS36118_pass_barcode18_4fb720c2_3a09ab0f_30.fastq_pos1764_2331_f2_r3	NR_171612.1	86.161	607	33	36	4	567	105	703	3.43e-174	608	567	743	523
PAS36118_pass_barcode18_4fb720c2_3a09ab0f_30.fastq_pos1764_2331_f2_r3	NR_135404.1	86.464	591	29	35	20	567	1	583	5.75e-172	601	567	623	511
PAS36118_pass_barcode18_4fb720c2_3a09ab0f_30.fastq_pos1764_2331_f2_r3	NR_137480.1	86.418	589	31	36	20	567	1	581	2.07e-171	599	567	621	509
PAS36118_pass_barcode18_4fb720c2_3a09ab0f_30.fastq_pos1764_2331_f2_r3	NR_171618.1	85.855	608	34	37	4	567	100	699	2.07e-171	599	567	739	522
PAS36118_pass_barcode18_4fb720c2_3a09ab0f_30.fastq_pos1764_2331_f2_r3	NR_136948.1	89.200	500	21	24	31	504	1	493	9.62e-170	593	567	505	446
PAS36118_pass_barcode18_4fb720c2_3a09ab0f_30.fastq_pos1764_2331_f2_r3	NR_137481.1	86.248	589	32	34	20	567	1	581	9.62e-170	593	567	621	508
PAS36118_pass_barcode18_4fb720c2_3a09ab0f_30.fastq_pos1764_2331_f2_r3	NR_169980.1	85.691	608	35	39	4	567	100	699	9.62e-170	593	567	739	521
PAS36118_pass_barcode18_4fb720c2_3a09ab0f_30.fastq_pos1764_2331_f2_r3	NR_137485.1	86.125	591	32	34	20	567	1	584	3.46e-169	592	567	624	509
PAS36118_pass_barcode18_4fb720c2_3a09ab0f_30.fastq_pos1764_2331_f2_r3	NR_137486.1	86.149	592	31	35	20	567	1	585	3.46e-169	592	567	625	510
PAS36118_pass_barcode18_4fb720c2_3a09ab0f_30.fastq_pos1764_2331_f2_r3	NR_137488.1	86.125	591	31	36	20	567	1	583	1.24e-168	590	567	623	509
PAS36118_pass_barcode18_4fb720c2_3a09ab0f_30.fastq_pos1764_2331_f2_r3	NR_137442.1	88.469	503	24	25	31	504	1	498	9.69e-165	577	567	510	445
PAS36118_pass_barcode18_4fb720c2_3a09ab0f_30.fastq_pos1764_2331_f2_r3	NR_135412.1	85.618	591	34	36	20	567	1	583	1.25e-163	573	567	623	506
PAS36118_pass_barcode18_4fb720c2_3a09ab0f_30.fastq_pos1764_2331_f2_r3	NR_171609.1	85.149	606	39	37	4	567	105	701	1.25e-163	573	567	741	516
PAS36118_pass_barcode18_4fb720c2_3a09ab0f_30.fastq_pos1764_2331_f2_r3	NR_121482.1	84.983	606	40	38	4	567	74	670	5.83e-162	568	567	710	515
PAS36118_pass_barcode18_4fb720c2_3a09ab0f_30.fastq_pos1764_2331_f2_r3	NR_137515.1	85.949	548	27	34	62	567	3	542	1.27e-153	540	567	582	471
PAS36118_pass_barcode18_4fb720c2_3a09ab0f_30.fastq_pos1764_2331_f2_r3	NR_159605.1	84.027	601	50	34	4	567	121	712	1.64e-152	536	567	752	505
PAS36118_pass_barcode18_4fb720c2_3a09ab0f_30.fastq_pos1764_2331_f2_r3	NR_151792.1	84.080	603	41	40	4	567	90	676	7.65e-151	531	567	716	507
PAS36118_pass_barcode18_4fb720c2_3a09ab0f_30.fastq_pos1764_2331_f2_r3	NR_154738.1	87.924	472	23	25	62	504	1	467	3.56e-149	525	567	474	415
PAS36118_pass_barcode18_4fb720c2_3a09ab0f_30.fastq_pos1764_2331_f2_r3	NR_158821.1	84.000	600	40	45	4	567	4	583	3.56e-149	525	567	583	504
PAS36118_pass_barcode18_4fb720c2_3a09ab0f_30.fastq_pos1764_2331_f2_r3	NR_158820.1	83.721	602	42	45	4	567	4	587	5.95e-147	518	567	587	504
PAS36118_pass_barcode18_4fb720c2_3a09ab0f_30.fastq_pos1764_2331_f2_r3	NR_171587.1	83.721	602	43	44	4	567	4	588	5.95e-147	518	567	588	504
PAS36118_pass_barcode18_4fb720c2_3a09ab0f_30.fastq_pos1764_2331_f2_r3	NR_144845.1	83.667	600	42	44	4	567	62	641	7.70e-146	514	567	681	502
PAS36118_pass_barcode18_4fb720c2_3a09ab0f_30.fastq_pos1764_2331_f2_r3	NR_158825.1	83.527	601	45	43	4	567	4	587	2.77e-145	512	567	587	502
PAS36118_pass_barcode18_4fb720c2_3a09ab0f_30.fastq_pos1764_2331_f2_r3	NR_198111.1	83.585	597	46	39	4	567	95	672	2.77e-145	512	567	712	499
PAS36118_pass_barcode18_4fb720c2_3a09ab0f_30.fastq_pos1764_2331_f2_r3	NR_153222.1	83.904	584	43	39	20	567	1	569	9.96e-145	510	567	609	490
PAS36118_pass_barcode18_4fb720c2_3a09ab0f_30.fastq_pos1764_2331_f2_r3	NR_158823.1	83.527	601	43	43	4	567	5	586	9.96e-145	510	567	586	502
PAS36118_pass_barcode18_4fb720c2_3a09ab0f_30.fastq_pos1764_2331_f2_r3	NR_169981.1	83.527	601	44	40	4	567	117	699	9.96e-145	510	567	739	502
PAS36118_pass_barcode18_4fb720c2_3a09ab0f_30.fastq_pos1764_2331_f2_r3	NR_146250.1	83.333	600	50	39	4	567	1	586	3.58e-144	508	567	587	500
PAS36118_pass_barcode18_4fb720c2_3a09ab0f_30.fastq_pos1764_2331_f2_r3	NR_111818.1	83.389	596	51	37	4	567	4	583	3.58e-144	508	567	583	497
PAS36118_pass_barcode18_4fb720c2_3a09ab0f_30.fastq_pos1764_2331_f2_r3	NR_172032.1	83.333	600	50	39	4	567	4	589	3.58e-144	508	567	589	500
PAS36118_pass_barcode18_4fb720c2_3a09ab0f_30.fastq_pos1764_2331_f2_r3	NR_185789.1	84.560	557	36	38	4	527	74	613	1.29e-143	507	567	639	471
PAS36118_pass_barcode18_4fb720c2_3a09ab0f_30.fastq_pos1764_2331_f2_r3	NR_153220.1	83.705	583	45	40	20	567	1	568	4.64e-143	505	567	608	488
PAS36118_pass_barcode18_4fb720c2_3a09ab0f_30.fastq_pos1764_2331_f2_r3	NR_153225.1	83.733	584	44	39	20	567	1	569	4.64e-143	505	567	609	489
PAS36118_pass_barcode18_4fb720c2_3a09ab0f_30.fastq_pos1764_2331_f2_r3	NR_153244.1	83.733	584	44	39	20	567	1	569	4.64e-143	505	567	609	489
PAS36118_pass_barcode18_4fb720c2_3a09ab0f_30.fastq_pos1764_2331_f2_r3	NR_145176.1	83.733	584	44	39	20	567	1	569	4.64e-143	505	567	609	489
PAS36118_pass_barcode18_4fb720c2_3a09ab0f_30.fastq_pos1764_2331_f2_r3	NR_145178.1	83.733	584	44	40	20	567	1	569	4.64e-143	505	567	609	489
PAS36118_pass_barcode18_4fb720c2_3a09ab0f_30.fastq_pos1764_2331_f2_r3	NR_145175.1	83.733	584	44	39	20	567	1	569	4.64e-143	505	567	609	489
PAS36118_pass_barcode18_4fb720c2_3a09ab0f_30.fastq_pos1764_2331_f2_r3	NR_153208.1	84.787	539	38	33	20	526	1	527	6.00e-142	501	567	527	457
PAS36118_pass_barcode18_4fb720c2_3a09ab0f_30.fastq_pos1764_2331_f2_r3	NR_145159.1	84.787	539	38	33	20	526	1	527	6.00e-142	501	567	527	457
PAS36118_pass_barcode18_4fb720c2_3a09ab0f_30.fastq_pos1764_2331_f2_r3	NR_158822.1	83.195	601	47	42	4	567	5	588	6.00e-142	501	567	588	500
PAS36118_pass_barcode18_4fb720c2_3a09ab0f_30.fastq_pos1764_2331_f2_r3	NR_198461.1	84.381	557	37	38	4	527	74	613	6.00e-142	501	567	615	470
PAS36118_pass_barcode18_4fb720c2_3a09ab0f_30.fastq_pos1764_2331_f2_r3	NR_153221.1	83.562	584	45	39	20	567	1	569	2.16e-141	499	567	609	488
PAS36118_pass_barcode18_4fb720c2_3a09ab0f_30.fastq_pos1764_2331_f2_r3	NR_153223.1	83.562	584	45	39	20	567	1	569	2.16e-141	499	567	609	488
PAS36118_pass_barcode18_4fb720c2_3a09ab0f_30.fastq_pos1764_2331_f2_r3	NR_121278.1	83.618	586	41	44	20	567	1	569	2.16e-141	499	567	609	490
PAS36118_pass_barcode18_4fb720c2_3a09ab0f_30.fastq_pos1764_2331_f2_r3	NR_138261.1	83.054	596	53	37	4	567	28	607	7.76e-141	497	567	607	495
PAS36118_pass_barcode18_4fb720c2_3a09ab0f_30.fastq_pos1764_2331_f2_r3	NR_156585.1	83.590	585	41	41	20	567	1	567	7.76e-141	497	567	607	489
PAS36118_pass_barcode18_4fb720c2_3a09ab0f_30.fastq_pos1764_2331_f2_r3	NR_077152.1	83.085	603	46	43	4	567	4	589	7.76e-141	497	567	613	501
PAS36118_pass_barcode18_4fb720c2_3a09ab0f_30.fastq_pos1764_2331_f2_r3	NR_103693.1	83.054	596	53	37	4	567	4	583	7.76e-141	497	567	583	495
PAS36118_pass_barcode18_4fb720c2_3a09ab0f_30.fastq_pos1764_2331_f2_r3	NR_111819.1	83.054	596	53	37	4	567	4	583	7.76e-141	497	567	583	495
PAS36118_pass_barcode18_4fb720c2_3a09ab0f_30.fastq_pos1764_2331_f2_r3	NR_119501.1	84.517	549	36	36	14	527	1	535	7.76e-141	497	567	561	464
PAS36118_pass_barcode18_4fb720c2_3a09ab0f_30.fastq_pos1764_2331_f2_r3	NR_121317.1	83.110	598	50	38	4	567	74	654	7.76e-141	497	567	694	497
PAS36118_pass_barcode18_4fb720c2_3a09ab0f_30.fastq_pos1764_2331_f2_r3	NR_186906.1	83.082	597	52	36	4	567	74	654	7.76e-141	497	567	694	496
PAS36118_pass_barcode18_4fb720c2_3a09ab0f_30.fastq_pos1764_2331_f2_r3	NR_153252.1	83.139	599	45	43	4	567	62	639	2.79e-140	496	567	679	498
PAS36118_pass_barcode18_4fb720c2_3a09ab0f_30.fastq_pos1764_2331_f2_r3	NR_138343.1	84.268	553	40	33	4	527	6	540	2.79e-140	496	567	561	466
PAS36118_pass_barcode18_4fb720c2_3a09ab0f_30.fastq_pos1764_2331_f2_r3	NR_145174.1	84.803	533	37	33	20	520	1	521	2.79e-140	496	567	521	452
PAS36118_pass_barcode18_4fb720c2_3a09ab0f_30.fastq_pos1764_2331_f2_r3	NR_145177.1	83.419	585	45	39	20	567	1	570	2.79e-140	496	567	610	488
PAS36118_pass_barcode18_4fb720c2_3a09ab0f_30.fastq_pos1764_2331_f2_r3	NR_121202.1	83.447	586	44	43	20	567	1	571	2.79e-140	496	567	611	489
PAS36118_pass_barcode18_4fb720c2_3a09ab0f_30.fastq_pos1764_2331_f2_r3	NR_171586.1	83.139	599	45	43	4	567	4	581	2.79e-140	496	567	581	498
PAS36118_pass_barcode18_4fb720c2_3a09ab0f_30.fastq_pos1764_2331_f2_r3	NR_138308.1	82.943	598	52	37	4	567	4	585	1.00e-139	494	567	585	496
PAS36118_pass_barcode18_4fb720c2_3a09ab0f_30.fastq_pos1764_2331_f2_r3	NR_156498.1	83.447	586	42	44	20	567	1	569	1.00e-139	494	567	609	489
PAS36118_pass_barcode18_4fb720c2_3a09ab0f_30.fastq_pos1764_2331_f2_r3	NR_077145.1	82.943	598	52	37	4	567	4	585	1.00e-139	494	567	585	496
PAS36118_pass_barcode18_4fb720c2_3a09ab0f_30.fastq_pos1764_2331_f2_r3	NR_077153.1	83.000	600	49	40	4	567	4	586	1.00e-139	494	567	610	498
PAS36118_pass_barcode18_4fb720c2_3a09ab0f_30.fastq_pos1764_2331_f2_r3	NR_103695.1	82.943	598	52	37	4	567	4	585	1.00e-139	494	567	585	496
PAS36118_pass_barcode18_4fb720c2_3a09ab0f_30.fastq_pos1764_2331_f2_r3	NR_111812.1	82.915	597	54	35	4	567	4	585	1.00e-139	494	567	585	495
PAS36118_pass_barcode18_4fb720c2_3a09ab0f_30.fastq_pos1764_2331_f2_r3	NR_111814.1	82.943	598	52	37	4	567	4	585	1.00e-139	494	567	585	496
PAS36118_pass_barcode18_4fb720c2_3a09ab0f_30.fastq_pos1764_2331_f2_r3	NR_111815.1	82.943	598	52	37	4	567	4	585	1.00e-139	494	567	585	496
PAS36118_pass_barcode18_4fb720c2_3a09ab0f_30.fastq_pos1764_2331_f2_r3	NR_111816.1	82.943	598	52	36	4	567	4	585	1.00e-139	494	567	585	496
PAS36118_pass_barcode18_4fb720c2_3a09ab0f_30.fastq_pos1764_2331_f2_r3	NR_111820.1	82.915	597	54	36	4	567	4	585	1.00e-139	494	567	585	495
PAS36118_pass_barcode18_4fb720c2_3a09ab0f_30.fastq_pos1764_2331_f2_r3	NR_120225.1	82.943	598	52	37	4	567	4	585	1.00e-139	494	567	585	496
PAS36118_pass_barcode18_4fb720c2_3a09ab0f_30.fastq_pos1764_2331_f2_r3	NR_198039.1	84.087	553	44	33	4	524	74	614	1.00e-139	494	567	655	465
PAS36118_pass_barcode18_4fb720c2_3a09ab0f_30.fastq_pos1764_2331_f2_r3	NR_137513.1	85.714	497	36	27	4	470	4	495	3.61e-139	492	567	596	426
PAS36118_pass_barcode18_4fb720c2_3a09ab0f_30.fastq_pos1764_2331_f2_r3	NR_156297.1	82.730	608	52	41	4	567	85	683	3.61e-139	492	567	723	503
PAS36118_pass_barcode18_4fb720c2_3a09ab0f_30.fastq_pos1764_2331_f2_r3	NR_077137.1	84.087	553	43	33	4	527	6	542	3.61e-139	492	567	563	465
PAS36118_pass_barcode18_4fb720c2_3a09ab0f_30.fastq_pos1764_2331_f2_r3	NR_111348.1	85.714	497	36	27	4	470	1	492	3.61e-139	492	567	576	426
PAS36118_pass_barcode18_4fb720c2_3a09ab0f_30.fastq_pos1764_2331_f2_r3	NR_163668.1	85.714	497	36	27	4	470	17	508	3.61e-139	492	567	601	426
PAS36118_pass_barcode18_4fb720c2_3a09ab0f_30.fastq_pos1764_2331_f2_r3	NR_163675.1	82.972	599	49	40	4	567	91	671	3.61e-139	492	567	711	497
PAS36118_pass_barcode18_4fb720c2_3a09ab0f_30.fastq_pos1764_2331_f2_r3	NR_163678.1	82.972	599	49	40	4	567	72	652	3.61e-139	492	567	692	497
PAS36118_pass_barcode18_4fb720c2_3a09ab0f_30.fastq_pos1764_2331_f2_r3	NR_171585.1	82.972	599	49	39	4	567	4	584	3.61e-139	492	567	584	497
PAS36118_pass_barcode18_4fb720c2_3a09ab0f_30.fastq_pos1764_2331_f2_r3	NR_111155.1	83.935	554	46	31	4	527	4	544	1.30e-138	490	567	546	465
