PAS36118_pass_barcode18_4fb720c2_3a09ab0f_23.fastq_pos1791_2383_f0_r3	NR_121481.1	97.655	597	9	4	1	592	71	667	0.0	1020	592	707	583
PAS36118_pass_barcode18_4fb720c2_3a09ab0f_23.fastq_pos1791_2383_f0_r3	NR_138362.1	96.817	597	12	5	1	592	57	651	0.0	990	592	691	578
PAS36118_pass_barcode18_4fb720c2_3a09ab0f_23.fastq_pos1791_2383_f0_r3	NR_171617.1	96.141	596	15	6	1	592	97	688	0.0	966	592	728	573
PAS36118_pass_barcode18_4fb720c2_3a09ab0f_23.fastq_pos1791_2383_f0_r3	NR_138341.1	95.492	599	18	7	1	592	113	709	0.0	948	592	749	572
PAS36118_pass_barcode18_4fb720c2_3a09ab0f_23.fastq_pos1791_2383_f0_r3	NR_137479.1	96.367	578	12	7	20	592	1	574	0.0	942	592	614	557
PAS36118_pass_barcode18_4fb720c2_3a09ab0f_23.fastq_pos1791_2383_f0_r3	NR_171616.1	94.876	605	17	11	1	592	97	700	0.0	933	592	740	574
PAS36118_pass_barcode18_4fb720c2_3a09ab0f_23.fastq_pos1791_2383_f0_r3	NR_135407.1	96.014	577	16	6	20	592	1	574	0.0	931	592	614	554
PAS36118_pass_barcode18_4fb720c2_3a09ab0f_23.fastq_pos1791_2383_f0_r3	NR_172047.1	94.859	603	20	9	1	592	97	699	0.0	931	592	739	572
PAS36118_pass_barcode18_4fb720c2_3a09ab0f_23.fastq_pos1791_2383_f0_r3	NR_151816.1	95.855	579	16	6	1	573	3	579	0.0	929	592	579	555
PAS36118_pass_barcode18_4fb720c2_3a09ab0f_23.fastq_pos1791_2383_f0_r3	NR_172044.1	94.711	605	18	11	1	592	16	619	0.0	928	592	620	573
PAS36118_pass_barcode18_4fb720c2_3a09ab0f_23.fastq_pos1791_2383_f0_r3	NR_172048.1	94.711	605	18	10	1	592	71	674	0.0	928	592	714	573
PAS36118_pass_barcode18_4fb720c2_3a09ab0f_23.fastq_pos1791_2383_f0_r3	NR_137489.1	95.841	577	17	5	20	592	1	574	0.0	926	592	614	553
PAS36118_pass_barcode18_4fb720c2_3a09ab0f_23.fastq_pos1791_2383_f0_r3	NR_171612.1	94.693	603	20	10	1	592	102	703	0.0	926	592	743	571
PAS36118_pass_barcode18_4fb720c2_3a09ab0f_23.fastq_pos1791_2383_f0_r3	NR_135405.1	95.690	580	16	7	20	592	1	578	0.0	924	592	618	555
PAS36118_pass_barcode18_4fb720c2_3a09ab0f_23.fastq_pos1791_2383_f0_r3	NR_135409.1	95.525	581	16	8	20	592	1	579	0.0	920	592	619	555
PAS36118_pass_barcode18_4fb720c2_3a09ab0f_23.fastq_pos1791_2383_f0_r3	NR_135404.1	95.369	583	17	8	20	592	1	583	0.0	918	592	623	556
PAS36118_pass_barcode18_4fb720c2_3a09ab0f_23.fastq_pos1791_2383_f0_r3	NR_137517.1	95.517	580	17	7	20	592	1	578	0.0	918	592	618	554
PAS36118_pass_barcode18_4fb720c2_3a09ab0f_23.fastq_pos1791_2383_f0_r3	NR_137482.1	95.361	582	17	9	20	592	1	581	0.0	917	592	621	555
PAS36118_pass_barcode18_4fb720c2_3a09ab0f_23.fastq_pos1791_2383_f0_r3	NR_151815.1	95.205	584	16	9	1	573	3	585	0.0	913	592	585	556
PAS36118_pass_barcode18_4fb720c2_3a09ab0f_23.fastq_pos1791_2383_f0_r3	NR_191334.1	95.345	580	18	7	1	573	71	648	0.0	913	592	648	553
PAS36118_pass_barcode18_4fb720c2_3a09ab0f_23.fastq_pos1791_2383_f0_r3	NR_135406.1	95.017	582	19	8	20	592	1	581	0.0	905	592	621	553
PAS36118_pass_barcode18_4fb720c2_3a09ab0f_23.fastq_pos1791_2383_f0_r3	NR_135408.1	95.017	582	18	9	20	592	1	580	0.0	904	592	620	553
PAS36118_pass_barcode18_4fb720c2_3a09ab0f_23.fastq_pos1791_2383_f0_r3	NR_169980.1	94.040	604	23	11	1	592	97	699	0.0	904	592	739	568
PAS36118_pass_barcode18_4fb720c2_3a09ab0f_23.fastq_pos1791_2383_f0_r3	NR_171618.1	94.030	603	25	9	1	592	97	699	0.0	904	592	739	567
PAS36118_pass_barcode18_4fb720c2_3a09ab0f_23.fastq_pos1791_2383_f0_r3	NR_137488.1	94.863	584	18	10	20	592	1	583	0.0	902	592	623	554
PAS36118_pass_barcode18_4fb720c2_3a09ab0f_23.fastq_pos1791_2383_f0_r3	NR_137483.1	94.701	585	19	9	20	592	1	585	0.0	898	592	625	554
PAS36118_pass_barcode18_4fb720c2_3a09ab0f_23.fastq_pos1791_2383_f0_r3	NR_137486.1	94.710	586	17	11	20	592	1	585	0.0	898	592	625	555
PAS36118_pass_barcode18_4fb720c2_3a09ab0f_23.fastq_pos1791_2383_f0_r3	NR_137485.1	94.701	585	18	10	20	592	1	584	0.0	896	592	624	554
PAS36118_pass_barcode18_4fb720c2_3a09ab0f_23.fastq_pos1791_2383_f0_r3	NR_137443.1	95.871	557	16	5	20	573	1	553	0.0	894	592	553	534
PAS36118_pass_barcode18_4fb720c2_3a09ab0f_23.fastq_pos1791_2383_f0_r3	NR_137490.1	94.530	585	19	10	20	592	1	584	0.0	891	592	624	553
PAS36118_pass_barcode18_4fb720c2_3a09ab0f_23.fastq_pos1791_2383_f0_r3	NR_137480.1	94.511	583	20	10	20	592	1	581	0.0	889	592	621	551
PAS36118_pass_barcode18_4fb720c2_3a09ab0f_23.fastq_pos1791_2383_f0_r3	NR_135412.1	94.340	583	23	9	20	592	1	583	0.0	885	592	623	550
PAS36118_pass_barcode18_4fb720c2_3a09ab0f_23.fastq_pos1791_2383_f0_r3	NR_121482.1	93.522	602	27	11	1	592	71	670	0.0	885	592	710	563
PAS36118_pass_barcode18_4fb720c2_3a09ab0f_23.fastq_pos1791_2383_f0_r3	NR_137481.1	94.320	581	25	5	20	592	1	581	0.0	883	592	621	548
PAS36118_pass_barcode18_4fb720c2_3a09ab0f_23.fastq_pos1791_2383_f0_r3	NR_135437.1	94.473	579	20	9	26	592	1	579	0.0	881	592	619	547
PAS36118_pass_barcode18_4fb720c2_3a09ab0f_23.fastq_pos1791_2383_f0_r3	NR_137484.1	94.198	586	21	11	20	592	1	586	0.0	881	592	626	552
PAS36118_pass_barcode18_4fb720c2_3a09ab0f_23.fastq_pos1791_2383_f0_r3	NR_171609.1	93.344	601	30	9	1	592	102	701	0.0	880	592	741	561
PAS36118_pass_barcode18_4fb720c2_3a09ab0f_23.fastq_pos1791_2383_f0_r3	NR_172366.1	95.035	564	17	8	20	573	1	563	0.0	876	592	563	536
PAS36118_pass_barcode18_4fb720c2_3a09ab0f_23.fastq_pos1791_2383_f0_r3	NR_135410.1	93.322	584	28	10	20	592	1	584	0.0	852	592	624	545
PAS36118_pass_barcode18_4fb720c2_3a09ab0f_23.fastq_pos1791_2383_f0_r3	NR_135411.1	93.151	584	29	10	20	592	1	584	0.0	846	592	624	544
PAS36118_pass_barcode18_4fb720c2_3a09ab0f_23.fastq_pos1791_2383_f0_r3	NR_137515.1	95.018	542	17	8	61	592	1	542	0.0	843	592	582	515
PAS36118_pass_barcode18_4fb720c2_3a09ab0f_23.fastq_pos1791_2383_f0_r3	NR_135403.1	92.979	584	30	10	20	592	1	584	0.0	841	592	624	543
PAS36118_pass_barcode18_4fb720c2_3a09ab0f_23.fastq_pos1791_2383_f0_r3	NR_151782.1	94.545	550	18	10	55	592	1	550	0.0	839	592	590	520
PAS36118_pass_barcode18_4fb720c2_3a09ab0f_23.fastq_pos1791_2383_f0_r3	NR_137516.1	94.649	542	19	8	61	592	1	542	0.0	832	592	582	513
PAS36118_pass_barcode18_4fb720c2_3a09ab0f_23.fastq_pos1791_2383_f0_r3	NR_135436.1	94.485	544	18	10	61	592	1	544	0.0	828	592	584	514
PAS36118_pass_barcode18_4fb720c2_3a09ab0f_23.fastq_pos1791_2383_f0_r3	NR_135438.1	94.182	550	20	9	55	592	1	550	0.0	828	592	590	518
PAS36118_pass_barcode18_4fb720c2_3a09ab0f_23.fastq_pos1791_2383_f0_r3	NR_137514.1	94.485	544	18	8	61	592	1	544	0.0	828	592	584	514
PAS36118_pass_barcode18_4fb720c2_3a09ab0f_23.fastq_pos1791_2383_f0_r3	NR_159605.1	91.806	598	40	9	1	592	118	712	0.0	824	592	752	549
PAS36118_pass_barcode18_4fb720c2_3a09ab0f_23.fastq_pos1791_2383_f0_r3	NR_136948.1	96.063	508	14	5	31	535	1	505	0.0	822	592	505	488
PAS36118_pass_barcode18_4fb720c2_3a09ab0f_23.fastq_pos1791_2383_f0_r3	NR_151792.1	91.833	600	31	15	1	592	87	676	0.0	821	592	716	551
PAS36118_pass_barcode18_4fb720c2_3a09ab0f_23.fastq_pos1791_2383_f0_r3	NR_190236.1	93.659	552	23	8	44	584	1	551	0.0	815	592	552	517
PAS36118_pass_barcode18_4fb720c2_3a09ab0f_23.fastq_pos1791_2383_f0_r3	NR_158820.1	91.639	598	33	14	1	592	1	587	0.0	811	592	587	548
PAS36118_pass_barcode18_4fb720c2_3a09ab0f_23.fastq_pos1791_2383_f0_r3	NR_137442.1	95.499	511	16	6	31	535	1	510	0.0	809	592	510	488
PAS36118_pass_barcode18_4fb720c2_3a09ab0f_23.fastq_pos1791_2383_f0_r3	NR_158821.1	91.625	597	31	16	1	592	1	583	0.0	808	592	583	547
PAS36118_pass_barcode18_4fb720c2_3a09ab0f_23.fastq_pos1791_2383_f0_r3	NR_158825.1	91.457	597	36	13	1	592	1	587	0.0	806	592	587	546
PAS36118_pass_barcode18_4fb720c2_3a09ab0f_23.fastq_pos1791_2383_f0_r3	NR_160194.1	94.508	528	18	10	24	541	1	527	0.0	804	592	527	499
PAS36118_pass_barcode18_4fb720c2_3a09ab0f_23.fastq_pos1791_2383_f0_r3	NR_144845.1	91.472	598	30	19	1	592	59	641	0.0	802	592	681	547
PAS36118_pass_barcode18_4fb720c2_3a09ab0f_23.fastq_pos1791_2383_f0_r3	NR_153225.1	92.083	581	26	17	20	592	1	569	0.0	800	592	609	535
PAS36118_pass_barcode18_4fb720c2_3a09ab0f_23.fastq_pos1791_2383_f0_r3	NR_153244.1	92.083	581	26	17	20	592	1	569	0.0	800	592	609	535
PAS36118_pass_barcode18_4fb720c2_3a09ab0f_23.fastq_pos1791_2383_f0_r3	NR_145178.1	92.069	580	28	16	20	592	1	569	0.0	800	592	609	534
PAS36118_pass_barcode18_4fb720c2_3a09ab0f_23.fastq_pos1791_2383_f0_r3	NR_077152.1	91.137	598	38	15	1	592	1	589	0.0	797	592	613	545
PAS36118_pass_barcode18_4fb720c2_3a09ab0f_23.fastq_pos1791_2383_f0_r3	NR_171587.1	91.107	596	41	12	1	592	1	588	0.0	797	592	588	543
PAS36118_pass_barcode18_4fb720c2_3a09ab0f_23.fastq_pos1791_2383_f0_r3	NR_172032.1	91.137	598	38	13	1	592	1	589	0.0	797	592	589	545
PAS36118_pass_barcode18_4fb720c2_3a09ab0f_23.fastq_pos1791_2383_f0_r3	NR_153223.1	91.910	581	27	17	20	592	1	569	0.0	795	592	609	534
PAS36118_pass_barcode18_4fb720c2_3a09ab0f_23.fastq_pos1791_2383_f0_r3	NR_145176.1	91.910	581	27	17	20	592	1	569	0.0	795	592	609	534
PAS36118_pass_barcode18_4fb720c2_3a09ab0f_23.fastq_pos1791_2383_f0_r3	NR_145177.1	91.924	582	26	18	20	592	1	570	0.0	795	592	610	535
PAS36118_pass_barcode18_4fb720c2_3a09ab0f_23.fastq_pos1791_2383_f0_r3	NR_169981.1	91.152	599	33	17	1	592	114	699	0.0	795	592	739	546
PAS36118_pass_barcode18_4fb720c2_3a09ab0f_23.fastq_pos1791_2383_f0_r3	NR_138306.1	91.137	598	34	16	1	592	104	688	0.0	793	592	728	545
PAS36118_pass_barcode18_4fb720c2_3a09ab0f_23.fastq_pos1791_2383_f0_r3	NR_146250.1	91.092	595	38	13	4	592	1	586	0.0	791	592	587	542
PAS36118_pass_barcode18_4fb720c2_3a09ab0f_23.fastq_pos1791_2383_f0_r3	NR_119501.1	92.133	572	27	16	14	578	1	561	0.0	791	592	561	527
PAS36118_pass_barcode18_4fb720c2_3a09ab0f_23.fastq_pos1791_2383_f0_r3	NR_153222.1	91.738	581	28	17	20	592	1	569	0.0	789	592	609	533
PAS36118_pass_barcode18_4fb720c2_3a09ab0f_23.fastq_pos1791_2383_f0_r3	NR_138263.1	91.696	578	34	13	20	592	1	569	0.0	789	592	609	530
PAS36118_pass_barcode18_4fb720c2_3a09ab0f_23.fastq_pos1791_2383_f0_r3	NR_137518.1	92.626	556	28	12	47	592	1	553	0.0	787	592	553	515
PAS36118_pass_barcode18_4fb720c2_3a09ab0f_23.fastq_pos1791_2383_f0_r3	NR_153220.1	91.696	578	33	13	20	592	1	568	0.0	787	592	608	530
PAS36118_pass_barcode18_4fb720c2_3a09ab0f_23.fastq_pos1791_2383_f0_r3	NR_131310.1	94.574	516	16	10	31	535	1	515	0.0	787	592	515	488
PAS36118_pass_barcode18_4fb720c2_3a09ab0f_23.fastq_pos1791_2383_f0_r3	NR_185789.1	91.610	584	28	18	1	578	71	639	0.0	787	592	639	535
PAS36118_pass_barcode18_4fb720c2_3a09ab0f_23.fastq_pos1791_2383_f0_r3	NR_159627.1	90.698	602	38	15	1	592	81	674	0.0	785	592	714	546
PAS36118_pass_barcode18_4fb720c2_3a09ab0f_23.fastq_pos1791_2383_f0_r3	NR_153221.1	91.566	581	29	17	20	592	1	569	0.0	784	592	609	532
PAS36118_pass_barcode18_4fb720c2_3a09ab0f_23.fastq_pos1791_2383_f0_r3	NR_145175.1	91.566	581	29	17	20	592	1	569	0.0	784	592	609	532
PAS36118_pass_barcode18_4fb720c2_3a09ab0f_23.fastq_pos1791_2383_f0_r3	NR_158822.1	90.803	598	38	14	1	592	2	588	0.0	784	592	588	543
PAS36118_pass_barcode18_4fb720c2_3a09ab0f_23.fastq_pos1791_2383_f0_r3	NR_111817.1	90.787	597	39	15	1	592	1	586	0.0	784	592	586	542
PAS36118_pass_barcode18_4fb720c2_3a09ab0f_23.fastq_pos1791_2383_f0_r3	NR_163675.1	90.787	597	37	17	1	592	88	671	0.0	782	592	711	542
PAS36118_pass_barcode18_4fb720c2_3a09ab0f_23.fastq_pos1791_2383_f0_r3	NR_163678.1	90.772	596	39	14	1	592	69	652	0.0	782	592	692	541
PAS36118_pass_barcode18_4fb720c2_3a09ab0f_23.fastq_pos1791_2383_f0_r3	NR_171585.1	90.772	596	39	15	1	592	1	584	0.0	782	592	584	541
PAS36118_pass_barcode18_4fb720c2_3a09ab0f_23.fastq_pos1791_2383_f0_r3	NR_121240.1	91.552	580	27	19	20	592	1	565	0.0	780	592	605	531
PAS36118_pass_barcode18_4fb720c2_3a09ab0f_23.fastq_pos1791_2383_f0_r3	NR_198039.1	90.787	597	35	17	1	589	71	655	0.0	780	592	655	542
PAS36118_pass_barcode18_4fb720c2_3a09ab0f_23.fastq_pos1791_2383_f0_r3	NR_198141.1	91.349	578	36	13	1	573	3	571	0.0	778	592	571	528
PAS36118_pass_barcode18_4fb720c2_3a09ab0f_23.fastq_pos1791_2383_f0_r3	NR_138308.1	90.620	597	39	15	1	592	1	585	0.0	776	592	585	541
PAS36118_pass_barcode18_4fb720c2_3a09ab0f_23.fastq_pos1791_2383_f0_r3	NR_138339.1	91.334	577	37	12	21	592	1	569	0.0	776	592	609	527
PAS36118_pass_barcode18_4fb720c2_3a09ab0f_23.fastq_pos1791_2383_f0_r3	NR_077145.1	90.620	597	39	15	1	592	1	585	0.0	776	592	585	541
PAS36118_pass_barcode18_4fb720c2_3a09ab0f_23.fastq_pos1791_2383_f0_r3	NR_077155.1	90.604	596	40	15	1	592	1	584	0.0	776	592	608	540
PAS36118_pass_barcode18_4fb720c2_3a09ab0f_23.fastq_pos1791_2383_f0_r3	NR_111814.1	90.620	597	39	15	1	592	1	585	0.0	776	592	585	541
PAS36118_pass_barcode18_4fb720c2_3a09ab0f_23.fastq_pos1791_2383_f0_r3	NR_111816.1	90.604	596	41	14	1	592	1	585	0.0	776	592	585	540
PAS36118_pass_barcode18_4fb720c2_3a09ab0f_23.fastq_pos1791_2383_f0_r3	NR_121231.1	91.349	578	35	14	20	592	1	568	0.0	776	592	608	528
PAS36118_pass_barcode18_4fb720c2_3a09ab0f_23.fastq_pos1791_2383_f0_r3	NR_121317.1	90.651	599	34	18	1	592	71	654	0.0	776	592	694	543
PAS36118_pass_barcode18_4fb720c2_3a09ab0f_23.fastq_pos1791_2383_f0_r3	NR_171588.1	90.604	596	41	14	1	592	1	585	0.0	776	592	585	540
PAS36118_pass_barcode18_4fb720c2_3a09ab0f_23.fastq_pos1791_2383_f0_r3	NR_177502.1	90.547	603	34	20	1	592	104	694	0.0	776	592	734	546
PAS36118_pass_barcode18_4fb720c2_3a09ab0f_23.fastq_pos1791_2383_f0_r3	NR_186906.1	90.604	596	40	15	1	592	71	654	0.0	776	592	694	540
PAS36118_pass_barcode18_4fb720c2_3a09ab0f_23.fastq_pos1791_2383_f0_r3	NR_137734.1	90.635	598	33	18	1	592	71	651	0.0	773	592	691	542
PAS36118_pass_barcode18_4fb720c2_3a09ab0f_23.fastq_pos1791_2383_f0_r3	NR_151822.1	90.940	585	38	15	14	592	1	576	0.0	773	592	616	532
