PAS36118_pass_barcode18_4fb720c2_3a09ab0f_31.fastq_pos1789_2605_f0_r4	NR_121481.1	96.535	606	10	8	1	603	71	668	0.0	992	816	707	585
PAS36118_pass_barcode18_4fb720c2_3a09ab0f_31.fastq_pos1789_2605_f0_r4	NR_138362.1	95.710	606	13	9	1	603	57	652	0.0	963	816	691	580
PAS36118_pass_barcode18_4fb720c2_3a09ab0f_31.fastq_pos1789_2605_f0_r4	NR_171617.1	95.372	605	14	10	1	603	97	689	0.0	950	816	728	577
PAS36118_pass_barcode18_4fb720c2_3a09ab0f_31.fastq_pos1789_2605_f0_r4	NR_137479.1	96.329	572	11	8	34	603	12	575	0.0	931	816	614	551
PAS36118_pass_barcode18_4fb720c2_3a09ab0f_31.fastq_pos1789_2605_f0_r4	NR_138341.1	94.572	608	18	10	1	603	113	710	0.0	926	816	749	575
PAS36118_pass_barcode18_4fb720c2_3a09ab0f_31.fastq_pos1789_2605_f0_r4	NR_135407.1	95.979	572	13	9	34	603	12	575	0.0	920	816	614	549
PAS36118_pass_barcode18_4fb720c2_3a09ab0f_31.fastq_pos1789_2605_f0_r4	NR_137489.1	95.804	572	14	8	34	603	12	575	0.0	915	816	614	548
PAS36118_pass_barcode18_4fb720c2_3a09ab0f_31.fastq_pos1789_2605_f0_r4	NR_135405.1	95.478	575	14	9	34	603	12	579	0.0	907	816	618	549
PAS36118_pass_barcode18_4fb720c2_3a09ab0f_31.fastq_pos1789_2605_f0_r4	NR_171616.1	93.811	614	18	14	1	603	97	701	0.0	905	816	740	576
PAS36118_pass_barcode18_4fb720c2_3a09ab0f_31.fastq_pos1789_2605_f0_r4	NR_172048.1	93.811	614	18	13	1	603	71	675	0.0	905	816	714	576
PAS36118_pass_barcode18_4fb720c2_3a09ab0f_31.fastq_pos1789_2605_f0_r4	NR_171612.1	93.791	612	20	13	1	603	102	704	0.0	904	816	743	574
PAS36118_pass_barcode18_4fb720c2_3a09ab0f_31.fastq_pos1789_2605_f0_r4	NR_172047.1	93.801	613	19	14	1	603	97	700	0.0	904	816	739	575
PAS36118_pass_barcode18_4fb720c2_3a09ab0f_31.fastq_pos1789_2605_f0_r4	NR_135409.1	95.312	576	14	10	34	603	12	580	0.0	902	816	619	549
PAS36118_pass_barcode18_4fb720c2_3a09ab0f_31.fastq_pos1789_2605_f0_r4	NR_137517.1	95.304	575	15	9	34	603	12	579	0.0	902	816	618	548
PAS36118_pass_barcode18_4fb720c2_3a09ab0f_31.fastq_pos1789_2605_f0_r4	NR_135404.1	95.156	578	15	10	34	603	12	584	0.0	900	816	623	550
PAS36118_pass_barcode18_4fb720c2_3a09ab0f_31.fastq_pos1789_2605_f0_r4	NR_137482.1	95.147	577	15	11	34	603	12	582	0.0	898	816	621	549
PAS36118_pass_barcode18_4fb720c2_3a09ab0f_31.fastq_pos1789_2605_f0_r4	NR_172044.1	93.485	614	20	14	1	603	16	620	0.0	894	816	620	574
PAS36118_pass_barcode18_4fb720c2_3a09ab0f_31.fastq_pos1789_2605_f0_r4	NR_151816.1	94.549	587	17	10	1	582	3	579	0.0	893	816	579	555
PAS36118_pass_barcode18_4fb720c2_3a09ab0f_31.fastq_pos1789_2605_f0_r4	NR_135406.1	94.801	577	17	10	34	603	12	582	0.0	887	816	621	547
PAS36118_pass_barcode18_4fb720c2_3a09ab0f_31.fastq_pos1789_2605_f0_r4	NR_135408.1	94.801	577	16	11	34	603	12	581	0.0	887	816	620	547
PAS36118_pass_barcode18_4fb720c2_3a09ab0f_31.fastq_pos1789_2605_f0_r4	NR_137488.1	94.646	579	16	12	34	603	12	584	0.0	883	816	623	548
PAS36118_pass_barcode18_4fb720c2_3a09ab0f_31.fastq_pos1789_2605_f0_r4	NR_169980.1	93.160	614	21	16	1	603	97	700	0.0	881	816	739	572
PAS36118_pass_barcode18_4fb720c2_3a09ab0f_31.fastq_pos1789_2605_f0_r4	NR_171618.1	93.148	613	23	12	1	603	97	700	0.0	881	816	739	571
PAS36118_pass_barcode18_4fb720c2_3a09ab0f_31.fastq_pos1789_2605_f0_r4	NR_137483.1	94.483	580	17	11	34	603	12	586	0.0	880	816	625	548
PAS36118_pass_barcode18_4fb720c2_3a09ab0f_31.fastq_pos1789_2605_f0_r4	NR_137485.1	94.483	580	16	12	34	603	12	585	0.0	880	816	624	548
PAS36118_pass_barcode18_4fb720c2_3a09ab0f_31.fastq_pos1789_2605_f0_r4	NR_191334.1	94.048	588	19	11	1	582	71	648	0.0	878	816	648	553
PAS36118_pass_barcode18_4fb720c2_3a09ab0f_31.fastq_pos1789_2605_f0_r4	NR_151815.1	93.919	592	17	13	1	582	3	585	0.0	876	816	585	556
PAS36118_pass_barcode18_4fb720c2_3a09ab0f_31.fastq_pos1789_2605_f0_r4	NR_135437.1	94.310	580	18	11	34	603	6	580	0.0	874	816	619	547
PAS36118_pass_barcode18_4fb720c2_3a09ab0f_31.fastq_pos1789_2605_f0_r4	NR_137486.1	94.320	581	16	13	34	603	12	586	0.0	874	816	625	548
PAS36118_pass_barcode18_4fb720c2_3a09ab0f_31.fastq_pos1789_2605_f0_r4	NR_137490.1	94.310	580	17	12	34	603	12	585	0.0	874	816	624	547
PAS36118_pass_barcode18_4fb720c2_3a09ab0f_31.fastq_pos1789_2605_f0_r4	NR_137480.1	94.291	578	18	12	34	603	12	582	0.0	870	816	621	545
PAS36118_pass_barcode18_4fb720c2_3a09ab0f_31.fastq_pos1789_2605_f0_r4	NR_137443.1	95.463	551	14	9	34	582	12	553	0.0	869	816	553	526
PAS36118_pass_barcode18_4fb720c2_3a09ab0f_31.fastq_pos1789_2605_f0_r4	NR_135412.1	94.118	578	21	11	34	603	12	584	0.0	867	816	623	544
PAS36118_pass_barcode18_4fb720c2_3a09ab0f_31.fastq_pos1789_2605_f0_r4	NR_137484.1	93.976	581	19	13	34	603	12	587	0.0	865	816	626	546
PAS36118_pass_barcode18_4fb720c2_3a09ab0f_31.fastq_pos1789_2605_f0_r4	NR_137481.1	93.924	576	24	7	34	603	12	582	0.0	859	816	621	541
PAS36118_pass_barcode18_4fb720c2_3a09ab0f_31.fastq_pos1789_2605_f0_r4	NR_121482.1	92.471	611	28	14	1	603	71	671	0.0	857	816	710	565
PAS36118_pass_barcode18_4fb720c2_3a09ab0f_31.fastq_pos1789_2605_f0_r4	NR_137515.1	95.247	547	15	8	64	603	1	543	0.0	856	816	582	521
PAS36118_pass_barcode18_4fb720c2_3a09ab0f_31.fastq_pos1789_2605_f0_r4	NR_171609.1	92.308	611	29	14	1	603	102	702	0.0	852	816	741	564
PAS36118_pass_barcode18_4fb720c2_3a09ab0f_31.fastq_pos1789_2605_f0_r4	NR_151782.1	94.595	555	16	11	59	603	1	551	0.0	846	816	590	525
PAS36118_pass_barcode18_4fb720c2_3a09ab0f_31.fastq_pos1789_2605_f0_r4	NR_137516.1	94.881	547	17	8	64	603	1	543	0.0	845	816	582	519
PAS36118_pass_barcode18_4fb720c2_3a09ab0f_31.fastq_pos1789_2605_f0_r4	NR_172366.1	94.444	558	16	12	34	582	12	563	0.0	845	816	563	527
PAS36118_pass_barcode18_4fb720c2_3a09ab0f_31.fastq_pos1789_2605_f0_r4	NR_135436.1	94.718	549	16	10	64	603	1	545	0.0	841	816	584	520
PAS36118_pass_barcode18_4fb720c2_3a09ab0f_31.fastq_pos1789_2605_f0_r4	NR_137514.1	94.718	549	16	8	64	603	1	545	0.0	841	816	584	520
PAS36118_pass_barcode18_4fb720c2_3a09ab0f_31.fastq_pos1789_2605_f0_r4	NR_135438.1	94.234	555	18	10	59	603	1	551	0.0	835	816	590	523
PAS36118_pass_barcode18_4fb720c2_3a09ab0f_31.fastq_pos1789_2605_f0_r4	NR_135410.1	92.919	579	27	13	34	603	12	585	0.0	830	816	624	538
PAS36118_pass_barcode18_4fb720c2_3a09ab0f_31.fastq_pos1789_2605_f0_r4	NR_135411.1	92.746	579	28	13	34	603	12	585	0.0	824	816	624	537
PAS36118_pass_barcode18_4fb720c2_3a09ab0f_31.fastq_pos1789_2605_f0_r4	NR_135403.1	92.573	579	29	13	34	603	12	585	0.0	819	816	624	536
PAS36118_pass_barcode18_4fb720c2_3a09ab0f_31.fastq_pos1789_2605_f0_r4	NR_136948.1	95.712	513	12	9	34	544	1	505	0.0	817	816	505	491
PAS36118_pass_barcode18_4fb720c2_3a09ab0f_31.fastq_pos1789_2605_f0_r4	NR_190236.1	93.190	558	22	10	47	594	1	552	0.0	806	816	552	520
PAS36118_pass_barcode18_4fb720c2_3a09ab0f_31.fastq_pos1789_2605_f0_r4	NR_151792.1	91.133	609	30	18	1	603	87	677	0.0	804	816	716	555
PAS36118_pass_barcode18_4fb720c2_3a09ab0f_31.fastq_pos1789_2605_f0_r4	NR_137442.1	94.961	516	15	9	34	544	1	510	0.0	798	816	510	490
PAS36118_pass_barcode18_4fb720c2_3a09ab0f_31.fastq_pos1789_2605_f0_r4	NR_159605.1	90.610	607	42	12	1	603	118	713	0.0	791	816	752	550
PAS36118_pass_barcode18_4fb720c2_3a09ab0f_31.fastq_pos1789_2605_f0_r4	NR_077152.1	90.610	607	36	17	1	603	1	590	0.0	785	816	613	550
PAS36118_pass_barcode18_4fb720c2_3a09ab0f_31.fastq_pos1789_2605_f0_r4	NR_137518.1	92.321	560	29	12	50	602	1	553	0.0	784	816	553	517
PAS36118_pass_barcode18_4fb720c2_3a09ab0f_31.fastq_pos1789_2605_f0_r4	NR_158821.1	90.744	605	31	19	1	602	1	583	0.0	784	816	583	549
PAS36118_pass_barcode18_4fb720c2_3a09ab0f_31.fastq_pos1789_2605_f0_r4	NR_135345.1	91.783	572	30	16	35	603	1	558	0.0	780	816	597	525
PAS36118_pass_barcode18_4fb720c2_3a09ab0f_31.fastq_pos1789_2605_f0_r4	NR_160194.1	93.916	526	17	13	34	550	8	527	0.0	780	816	527	494
PAS36118_pass_barcode18_4fb720c2_3a09ab0f_31.fastq_pos1789_2605_f0_r4	NR_131310.1	94.050	521	15	13	34	544	1	515	0.0	776	816	515	490
PAS36118_pass_barcode18_4fb720c2_3a09ab0f_31.fastq_pos1789_2605_f0_r4	NR_144845.1	90.445	607	31	21	1	603	59	642	0.0	774	816	681	549
PAS36118_pass_barcode18_4fb720c2_3a09ab0f_31.fastq_pos1789_2605_f0_r4	NR_169981.1	90.328	610	29	20	1	603	114	700	0.0	773	816	739	551
PAS36118_pass_barcode18_4fb720c2_3a09ab0f_31.fastq_pos1789_2605_f0_r4	NR_135382.1	91.478	575	28	17	35	603	1	560	0.0	771	816	599	526
PAS36118_pass_barcode18_4fb720c2_3a09ab0f_31.fastq_pos1789_2605_f0_r4	NR_135383.1	91.478	575	28	17	35	603	1	560	0.0	771	816	599	526
PAS36118_pass_barcode18_4fb720c2_3a09ab0f_31.fastq_pos1789_2605_f0_r4	NR_153225.1	91.493	576	26	19	34	603	12	570	0.0	771	816	609	527
PAS36118_pass_barcode18_4fb720c2_3a09ab0f_31.fastq_pos1789_2605_f0_r4	NR_153244.1	91.493	576	26	19	34	603	12	570	0.0	771	816	609	527
PAS36118_pass_barcode18_4fb720c2_3a09ab0f_31.fastq_pos1789_2605_f0_r4	NR_145178.1	91.478	575	28	18	34	603	12	570	0.0	771	816	609	526
PAS36118_pass_barcode18_4fb720c2_3a09ab0f_31.fastq_pos1789_2605_f0_r4	NR_158820.1	90.264	606	36	17	1	602	1	587	0.0	771	816	587	547
PAS36118_pass_barcode18_4fb720c2_3a09ab0f_31.fastq_pos1789_2605_f0_r4	NR_158825.1	90.264	606	36	17	1	602	1	587	0.0	771	816	587	547
PAS36118_pass_barcode18_4fb720c2_3a09ab0f_31.fastq_pos1789_2605_f0_r4	NR_135384.1	91.319	576	28	18	35	603	1	561	0.0	767	816	600	526
PAS36118_pass_barcode18_4fb720c2_3a09ab0f_31.fastq_pos1789_2605_f0_r4	NR_145177.1	91.334	577	26	20	34	603	12	571	0.0	767	816	610	527
PAS36118_pass_barcode18_4fb720c2_3a09ab0f_31.fastq_pos1789_2605_f0_r4	NR_153220.1	91.274	573	32	15	34	603	12	569	0.0	765	816	608	523
PAS36118_pass_barcode18_4fb720c2_3a09ab0f_31.fastq_pos1789_2605_f0_r4	NR_153223.1	91.319	576	27	19	34	603	12	570	0.0	765	816	609	526
PAS36118_pass_barcode18_4fb720c2_3a09ab0f_31.fastq_pos1789_2605_f0_r4	NR_138306.1	90.115	607	35	19	1	603	104	689	0.0	765	816	728	547
PAS36118_pass_barcode18_4fb720c2_3a09ab0f_31.fastq_pos1789_2605_f0_r4	NR_145176.1	91.319	576	27	19	34	603	12	570	0.0	765	816	609	526
PAS36118_pass_barcode18_4fb720c2_3a09ab0f_31.fastq_pos1789_2605_f0_r4	NR_151822.1	90.388	593	38	16	14	603	1	577	0.0	761	816	616	536
PAS36118_pass_barcode18_4fb720c2_3a09ab0f_31.fastq_pos1789_2605_f0_r4	NR_172032.1	89.951	607	38	17	1	602	1	589	0.0	761	816	589	546
PAS36118_pass_barcode18_4fb720c2_3a09ab0f_31.fastq_pos1789_2605_f0_r4	NR_153222.1	91.146	576	28	19	34	603	12	570	0.0	760	816	609	525
PAS36118_pass_barcode18_4fb720c2_3a09ab0f_31.fastq_pos1789_2605_f0_r4	NR_146250.1	89.917	605	38	17	4	603	1	587	0.0	758	816	587	544
PAS36118_pass_barcode18_4fb720c2_3a09ab0f_31.fastq_pos1789_2605_f0_r4	NR_171587.1	89.769	606	40	17	1	602	1	588	0.0	756	816	588	544
PAS36118_pass_barcode18_4fb720c2_3a09ab0f_31.fastq_pos1789_2605_f0_r4	NR_153221.1	90.972	576	29	19	34	603	12	570	0.0	754	816	609	524
PAS36118_pass_barcode18_4fb720c2_3a09ab0f_31.fastq_pos1789_2605_f0_r4	NR_138263.1	90.941	574	33	16	34	603	12	570	0.0	754	816	609	522
PAS36118_pass_barcode18_4fb720c2_3a09ab0f_31.fastq_pos1789_2605_f0_r4	NR_145175.1	90.972	576	29	19	34	603	12	570	0.0	754	816	609	524
PAS36118_pass_barcode18_4fb720c2_3a09ab0f_31.fastq_pos1789_2605_f0_r4	NR_135346.1	91.547	556	29	16	52	603	18	559	0.0	750	816	598	509
PAS36118_pass_barcode18_4fb720c2_3a09ab0f_31.fastq_pos1789_2605_f0_r4	NR_137456.1	91.547	556	29	16	52	603	18	559	0.0	750	816	598	509
PAS36118_pass_barcode18_4fb720c2_3a09ab0f_31.fastq_pos1789_2605_f0_r4	NR_138277.1	90.909	572	31	16	36	603	2	556	0.0	749	816	595	520
PAS36118_pass_barcode18_4fb720c2_3a09ab0f_31.fastq_pos1789_2605_f0_r4	NR_158822.1	89.638	608	36	19	1	602	2	588	0.0	749	816	588	545
PAS36118_pass_barcode18_4fb720c2_3a09ab0f_31.fastq_pos1789_2605_f0_r4	NR_103605.1	89.474	608	43	16	1	599	1	596	0.0	749	816	596	544
PAS36118_pass_barcode18_4fb720c2_3a09ab0f_31.fastq_pos1789_2605_f0_r4	NR_119501.1	90.706	581	27	20	14	587	1	561	0.0	749	816	561	527
PAS36118_pass_barcode18_4fb720c2_3a09ab0f_31.fastq_pos1789_2605_f0_r4	NR_163675.1	89.638	608	35	22	1	603	88	672	0.0	749	816	711	545
PAS36118_pass_barcode18_4fb720c2_3a09ab0f_31.fastq_pos1789_2605_f0_r4	NR_163678.1	89.621	607	37	20	1	603	69	653	0.0	749	816	692	544
PAS36118_pass_barcode18_4fb720c2_3a09ab0f_31.fastq_pos1789_2605_f0_r4	NR_171586.1	89.769	606	33	22	1	602	1	581	0.0	749	816	581	544
PAS36118_pass_barcode18_4fb720c2_3a09ab0f_31.fastq_pos1789_2605_f0_r4	NR_171585.1	89.604	606	37	20	1	602	1	584	0.0	747	816	584	543
PAS36118_pass_barcode18_4fb720c2_3a09ab0f_31.fastq_pos1789_2605_f0_r4	NR_185789.1	90.203	592	30	21	1	587	71	639	0.0	747	816	639	534
PAS36118_pass_barcode18_4fb720c2_3a09ab0f_31.fastq_pos1789_2605_f0_r4	NR_137734.1	89.638	608	32	23	1	603	71	652	0.0	745	816	691	545
PAS36118_pass_barcode18_4fb720c2_3a09ab0f_31.fastq_pos1789_2605_f0_r4	NR_121202.1	90.592	574	37	15	34	603	12	572	0.0	745	816	611	520
PAS36118_pass_barcode18_4fb720c2_3a09ab0f_31.fastq_pos1789_2605_f0_r4	NR_121240.1	90.783	575	28	20	34	603	12	566	0.0	745	816	605	522
PAS36118_pass_barcode18_4fb720c2_3a09ab0f_31.fastq_pos1789_2605_f0_r4	NR_198039.1	89.587	605	37	20	1	599	71	655	0.0	745	816	655	542
PAS36118_pass_barcode18_4fb720c2_3a09ab0f_31.fastq_pos1789_2605_f0_r4	NR_138278.1	90.750	573	29	20	35	603	1	553	0.0	743	816	592	520
PAS36118_pass_barcode18_4fb720c2_3a09ab0f_31.fastq_pos1789_2605_f0_r4	NR_077155.1	89.456	607	38	20	1	603	1	585	0.0	743	816	608	543
PAS36118_pass_barcode18_4fb720c2_3a09ab0f_31.fastq_pos1789_2605_f0_r4	NR_111817.1	89.474	608	36	23	1	602	1	586	0.0	743	816	586	544
PAS36118_pass_barcode18_4fb720c2_3a09ab0f_31.fastq_pos1789_2605_f0_r4	NR_121231.1	90.592	574	34	17	34	603	12	569	0.0	743	816	608	520
